46
61
4239
65
-9041
-10
26
3439
36
90
35
9768
61
-83
4698
4483
8332
-20
70
7179
-6755
8361
5265
4395
5119
-44
-61
255
-1655
6935
-20
4295
9997
-7526
3797
2829
55
-8655
-4305
-3831
1553
97
-24
83
36
-66
58
-99
-25
-75
-92
3039
-62
5902
-32
85
4865
-1870
5252
1333
4111
53
-6386
8382
755
48
-7836
-94
3727
-4555
-22
92
5002
2988
821
82
2096
5445
-96
4780
41
-3061
-8307
24
-23
6899
49
98
48
-82
-1715
88
-70
7664
43
39
4319
-23
1570
7634
988
4221
-1014
-44
61
1667
76
9311
58
84
-4962
-4506
2928
97
96
79
65
-41
9172
90
2482
3772
2156
7258
-95
-74
6094
51
8280
30
-98
8389
8521
-30
11
24
-3494
-51
97
79
21
78
-64
49
-9664
-52
6025
4050
3655
1703
74
-331
-2276
-1735
1154
2521
68
3187
-7366
-7254
5112
27
19
88
2396
101
-59
2531
5162
-1316
-9652
2288
13
7946
-4472
99
4776
-55
4129
86
3231
7992
30
2272
87
-81
4111
10
-15
83
-77
4230
85
-81
5625
-8297
-47
94
-4545
39
60
27
-4127
59
52
-15
18
2229
9508
-24
99
3655
17
50
35
-6445
-57
9784
1792
37
5569
5642
-12
13
-26
-2780
5727
21
4973
3162
6869
3707
7996
86
40
1078
75
-39
8288
6353
-5393
72
2962
4851
42
-4967
7340
-92
-2711
29
-1414
-8353
-36
49
-2566
71
35
-10
-5919
7023
77
-16
33
31
3963
3155
-80
-6276
3132
69
8420
2905
8735
5061
8378
-64
1577
-6537
4649
2045
-24
1124
-2845
659
22
6511
60
6751
77
-16
-18
465
-2580
8136
-9728
76
65
-60
-76
7908
69
-1295
-1588
-2434
3932
-97
7572
-3050
48
55
-5524
3584
67
4664
87
-2719
31
50
66
7406
1781
75
61
1156
69
67
5070
9780
-4265
-74
-2115
7122
3293
25
1209
7951
5018
55
60
-86
3015
2883
-5391
3104
66
-5889
-4789
-1238
87
-5174
3214
8413
44
5802
79
-6455
4298
5623
7143
216
6607
29
98
-5688
-15
3235
30
97
9841
5818
1629
-76
-43
61
55
1822
-33
37
646
87
1963
23
60
2364
88
-3536
30
11
37
4261
49
3713
36
7445
-1842
9408
40
85
-448
49
7643
1898
1412
58
-6461
-38
5354
99
-5493
579
1223
59
9144
-77
69
-965
-31
6435
2435
38
6818
20
34
22
5488
39
-7434
82
-6712
-28
-7590
74
23
3952
-95
-7791
7389
567
3895
-9505
9949
4205
-74
84
3147
-7018
6555
38
2451
82
32
76
-1014
42
57
15
2054
31
4520
-8883
3053
-60
-11
9671
38
9452
-24
7354
7404
-31
6796
-51
-8056
-9324
3094
4880
-4209
939
4339
-3132
-72
9066
-2725
3087
7960
4109
6561
36
5083
88
399
2361
37
32
9533
73
4163
-22
-2802
8793
6245
9896
33
27
93
69
69
-3249
9861
36
16
28
-23
-89
-38
-88
8408
6347
3626
75
-3299
43
-4604
26
7077
-50
59
-88
7325
-1892
6288
108
80
92
6729
6405
-52
-22
536
45
5627
-96
7020
17
85
2790
-4600
9760
21
52
5865
-2810
-41
6819
-46
2677
9893
42
518
28
39
9867
-48
8336
33
53
6712
98
9345
5658
-26
4686
29
4830
-77
150
9990
102
5405
2912
8388
-5245
5776
-3480
4695
258
4247
55
5391
7186
50
-8831
2261
7005
1438
5052
6828
56
2545
3123
462
-2871
-8702
4094
3458
-3665
-90
7314
-204
6060
4556
78
55
34
6874
-75
15
8705
70
-9888
1726
19
82
85
-9952
-150
4833
54
8836
52
2802
-3292
63
-60
8007
-7401
79
-4314
56
-69
-40
-38
-93
72
7508
65
-5512
3735
7687
-3142
83
95
28
5183
-93
1071
4720
-1469
6657
-531
5834
80
25
9465
9540
34
198
-33
84
82
21
-5400
4679
7727
48
7676
385
21
2524
71
586
-75
721
-4604
-26
-6650
5635
-3563
-98
-4412
-42
1313
99
-4911
34
12
-5201
53
55
1223
-564
-8679
-14
9591
6716
1659
5664
-2804
-7188
2990
3163
56
4656
261
2792
21
4716
-90
-55
6000
28
-6262
69
2072
-98
-4798
643
4156
3413
3449
-17
5103
-7716
-574
3849
51
-24
-59
87
893
53
75
7836
53
-98
4392
36
9553
13
-15
337
4277
9226
-3990
-64
-7147
1717
-1203
-4535
9165
-1346
6149
-8054
-2644
40
-5215
-25
62
5555
1400
99
6491
6627
-82
6212
83
93
37
83
-65
94
54
7391
8416
1416
36
619
8526
7471
-7908
-4254
8447
58
30
-2454
4631
8397
4214
77
-36
88
936
15
3429
-18
-1819
2640
7229
-2249
-853
9732
6344
203
5848
92
8369
22
-22
-19
5321
84
-5258
3586
5402
923
-12
78
3080
7642
5608
-45
3031
9912
237
8303
66
443
-2704
3479
-51
7913
75
-9281
2391
42
4202
1902
-8429
9346
50
933
-12
3763
-2937
2913
-56
82
-809
86
57
80
46
9551
-5321
62
23
-48
40
37
6319
6312
8452
-36
7489
317
8008
-6468
903
52
4037
32
-89
32
8118
20
7328
60
-8160
91
64
36
2494
5051
-52
-5769
12
32
61
17
94
1089
-4693
-7408
1983
-5365
-28
1863
901
-28
47
37
92
365
19
3633
7875
83
1240
1637
-6887
275
-66
62
-5266
78
-609
3339
18
9922
33
-4829
-4631
7279
7347
-9526
88
5966
9456
29
-30
-9767
-8845
35
-46
2488
51
-48
58
-4673
67
3089
39
68
15
61
65
9788
-57
81
35
2717
38
-90
6899
690
2334
8902
-1725
2542
72
-9018
3812
-95
6736
-56
52
27
65
96
38
-6491
3545
27
35
-59
-55
-2904
46
3028
14
73
23
3152
-7117
-31
-424
8917
4225
55
-6695
60
-8307
45
72
-912
5627
43
-8862
10
20
4961
-155
3863
3677
-4277
5881
45
-7199
-33
1422
73
-6617
9602
5595
-78
-5716
12
-2784
54
5148
-80
83
-7371
6232
24
36
2819
2003
8788
-4866
1544
-99
8790
5528
1380
54
-5822
34
-1030
178
-38
9692
-44
9565
-6167
-1989
-4643
79
8742
2813
74
96
60
34
-95
-52
2195
-3978
-5080
-25
6994
84
-7240
57
-651
8253
-4114
32
54
85
-4217
-98
-1451
5282
6902
-4063
-3076
21
-3518
-9378
50
-29
82
4916
-84
9009
-7446
36
8699
45
2158
66
81
64
-1988
-31
653
-42
5092
66
7650
82
81
19
-98
-94
39
-50
-19
-8869
8647
-92
3515
98
-64
4158
2304
73
37
5184
87
43
35
2487
-35
-9898
-63
79
14
6794
47
-3123
5860
72
2129
48
49
-9830
-4342
2035
-38
596
-93
-9394
17
-6506
66
76
3697
-96
-5626
1494
16
-9673
-4090
6483
30
-8606
7898
39
1157
56
3547
-61
-95
-9073
3284
9002
-4039
-8596
97
-9394
-96
7317
-2235
7063
7512
-1563
85
7479
2150
8925
5553
4222
5649
5956
9275
29
-46
7912
635
-6968
-35
-18
-2266
61
-24
8701
9126
65
1890
7052
6182
1131
6647
-3341
8833
14
-8389
98
-9030
16
6461
3744
8663
50
-211
78
88
-9192
1633
23
752
-68
7623
65
-9859
-2516
-5087
659
41
130
4367
2349
-1354
9239
2538
13
8307
-2272
-82
9073
98
-3527
88
-62
8913
48
-3031
-8769
24
8378
-49
3192
55
2043
4525
5104
41
9474
8130
79
8043
1470
7390
-2794
9168
39
-87
78
-2073
4468
17
3259
-488
-5000
20
25
73
7658
-8416
8742
-2853
8204
5567
83
1040
66
1760
64
6336
7539
-680
-88
50
-81
42
1861
1046
-29
91
88
2983
46
1250
5435
-173
549
6661
5405
5533
56
8746
1097
4600
45
5274
59
89
-8217
54
6497
9926
52
7601
1606
-8795
9879
53
-6806
-599
31
5001
-18
6138
6956
5877
2589
66
-22
-7242
60
2608
636
6939
-6433
49
7561
4045
5103
9850
3596
889
53
88
-8644
-40
-2203
81
8678
179
53
9798
2633
-8563
19
5934
3041
-7437
53
-22
4717
-4413
8486
275
-6095
-101
671
89
-1833
-6113
53
12
35
-8276
836
-65
4720
-5410
-24
-56
62
-96
6867
9176
9393
7103
8422
5419
99
88
98
-4460
90
91
-72
-1684
93
-76
7133
6213
-6287
6529
1922
3496
-3015
9105
7893
64
-70
-94
-74
60
-14
43
9593
29
2800
-737
-85
-15
6810
14
11
-79
50
-13
8384
6526
1229
-1691
61
7776
17
-79
-1816
4370
-992
35
-3874
72
-17
8254
-37
96
-2272
-6734
2233
5989
-708
7864
5598
48
95
-48
35
1322
-6845
-1943
64
96
72
95
-78
-782
2319
-7028
7130
-9487
6773
8288
-6565
-402
-8600
-717
89
-93
-40
7280
6950
-27
-42
-94
46
86
70
2747
8415
83
-10
5647
-7788
21
69
1751
1800
3981
5936
-22
-7837
3291
2909
13
48
2252
22
9281
-43
3144
9442
7844
87
3957
-4098
-5489
8047
27
-64
40
-2368
5331
6488
94
-7028
89
9977
70
4015
95
9569
-71
69
-44
-8767
36
448
55
21
84
79
4068
-92
86
-37
3537
64
-6570
29
36
6580
-80
96
2767
5235
-925
33
6542
27
2036
3096
55
6994
-3843
-1306
54
-24
137
74
17
2966
-29
65
1130
1334
-54
8155
-74
67
31
52
5007
92
-58
34
3159
-7128
7670
23
31
-16
5464
-48
15
-657
6341
88
7221
5571
30
-70
98
-1317
93
96
7853
622
-34
78
92
8290
30
97
4104
-71
3656
5567
9535
754
79
-5580
21
11
2308
-35
-2461
88
8478
-11
5147
35
-53
-8382
8569
7235
60
9449
4355
-8402
9716
9085
1441
33
1552
1860
70
8753
-77
312
-1626
57
8123
6567
-61
4169
9237
-72
77
6294
-1107
-60
-24
-6983
-73
8766
68
19
89
-6279
92
91
-5482
7299
-64
610
4338
264
-437
5450
-9817
-6937
24
66
-87
6610
-54
89
4784
99
88
69
5260
5721
4339
1599
66
47
65
-8578
-51
98
-8645
2132
-30
85
-23
7313
12
2989
3754
10
-5660
7545
49
26
7180
-96
93
8098
-6071
97
1003
9448
9397
3320
-1624
8761
49
43
10
4413
96
23
-74
6396
-9010
94
2401
7911
1416
-1500
41
28
54
-51
-1972
-5065
-7830
1988
35
26
96
9109
8101
5098
43
3407
-1986
56
3360
-1792
6103
81
-73
-6412
8170
-9511
24
-8452
-9623
1715
8416
5672
40
3329
-681
5676
56
2813
2596
-6154
6715
56
2659
65
3707
31
42
74
85
-6332
-4162
90
7684
-88
60
206
1045
49
-4144
49
1941
-1345
42
6896
-2343
4747
5612
9664
3095
5183
-4807
6006
-13
4062
8677
17
211
30
5500
48
8520
4369
3675
-6747
-1133
35
47
844
1931
-56
1976
69
29
9302
1294
47
1199
3509
20
49
23
17
44
-5216
84
95
31
8128
31
86
9087
3240
4948
91
-6383
4948
-6373
-29
245
80
-57
-1519
42
23
8278
-9554
-47
5637
-3153
4679
9120
-7040
3454
39
8789
4850
-9314
4256
57
-59
91
85
-9386
82
-3256
96
94
41
-1096
7182
3063
8222
8201
-11
7372
-2114
96
3788
-67
8822
68
-2097
77
-2175
-83
-20
17
9792
5407
7816
-58
1639
9288
4387
42
-7475
5267
-96
29
-63
-46
859
-3097
-56
78
9806
37
88
2667
54
-9682
-1347
-8409
73
1391
7422
-72
3013
-1955
-608
-92
-18
97
-50
29
-8296
8119
118
32
191
9984
78
11
7065
5603
4057
-19
9903
-85
3216
97
5536
1982
-9695
90
-76
5068
-8074
-22
57
6425
7619
-9079
54
-61
-74
457
11
-115
-66
-34
-12
-6264
-37
30
43
6183
-4450
31
32
2551
24
7672
-6754
3825
-307
-7920
2584
1093
-69
65
280
-7772
-62
38
-34
2902
16
98
3863
6873
682
7597
-95
-20
-3979
-8038
81
99
-1275
-9296
25
-78
12
7481
-8631
49
-13
7623
236
55
-8235
-77
3315
8649
2359
2798
-1904
1924
47
47
-8321
2798
1296
70
-4285
2938
-24
-6663
34
-5052
21
2832
-40
3667
61
8952
-39
2349
-12
-5004
1541
-3371
5549
8672
-2491
19
4785
-6935
49
-72
-81
2639
-4837
-3147
8706
8310
1005
4459
-9249
5138
-80
-9652
6159
5693
7749
752
3012
46
92
-2754
89
6770
4345
-68
-6906
-6738
65
3939
93
3731
355
-45
4381
95
83
-86
92
6782
-8885
46
-7016
-88
9892
35
86
54
8059
9246
91
2574
35
-564
6959
67
-22
4181
-94
46
8635
778
97
-2276
-59
3843
21
64
211
-12
8018
6155
6619
2225
96
6858
2326
2997
1302
2569
-7515
1651
-94
888
34
58
-8061
1007
70
-4609
62
5602
88
5896
15
55
6776
213
-25
49
8482
67
8577
31
-21
8621
-4810
-82
230
93
3829
9647
-8692
29
318
-21
-8788
-8390
62
343
86
3680
2227
-3588
-29
3120
-7128
3413
692
39
-5505
85
-15
3330
-29
9379
-32
64
-4445
-92
80
1447
7909
6959
46
6353
-77
98
900
862
-4819
1496
4004
-5752
6739
8412
94
717
511
-61
6432
8412
-8255
34
7358
88
68
1214
7929
4275
23
57
1041
-7773
-30
7056
-22
81
48
66
-5016
-8120
11
-1447
-58
79
21
94
7528
6780
-79
92
22
-44
29
6380
6476
38
97
650
9881
70
76
-2745
-9999
5730
39
59
45
8088
61
185
19
4945
673
4740
-4945
7286
69
-6244
87
86
-7576
82
-4293
46
72
1543
71
18
-5194
-826
64
-17
-62
55
15
-9459
86
-3547
1678
-40
5728
3724
6535
68
-7810
3373
49
4151
702
9048
-82
25
96
9745
2386
-15
-4242
-78
-4041
-6889
23
4412
90
3689
1182
-33
-83
5086
6606
4390
71
84
2739
41
60
7522
6292
471
379
-54
-3712
60
9085
66
9355
-66
4105
20
80
4535
-3179
-874
13
38
7773
19
-7500
73
-5850
67
-4832
82
61
55
-3759
7285
2645
5468
-7975
6789
3145
66
-8522
6568
14
49
764
87
55
3624
36
6865
-7944
-5124
85
-1833
3063
4538
-5084
8047
761
8901
9612
86
-6680
-1410
56
28
-1743
-4881
-3126
-3940
4940
1989
16
5381
7432
7055
50
-91
82
3802
7479
-74
4895
5791
6650
98
17
47
4997
-8695
-4625
-7307
-5198
6540
-77
57
7684
51
5148
974
97
-4037
7680
8699
972
9988
1999
-9287
8790
34
8921
71
46
40
8414
28
39
11
-5401
62
18
-38
1049
3043
3033
3558
-3027
94
9118
6618
-77
4158
53
69
4017
4177
2132
-6294
8489
-63
6260
-79
-30
-7969
3969
96
2643
1156
8938
84
31
9379
29
-32
6214
70
-12
89
1271
3244
70
8315
597
5840
37
-8752
2564
96
4023
-91
93
47
81
5284
53
9232
-7083
9890
-7032
-3656
30
51
-1319
4268
49
83
-9782
59
6251
6060
-43
70
4985
9687
1791
61
-3429
-3836
-6107
3778
90
2267
-45
8647
50
-3521
-85
59
6327
-6214
-19
-5914
-6368
-71
35
68
-2334
55
-36
85
1837
7829
9513
1848
3629
-97
17
51
4945
1744
60
-2946
9669
1384
10
90
-99
75
-75
-7432
3270
9390
61
-69
-4570
46
31
2359
57
50
9145
2790
-336
85
-7816
-423
-55
66
-37
69
47
55
-4705
4457
-5222
5870
17
2393
26
75
4195
39
8444
33
33
-72
-9579
15
7480
-6514
4943
-7025
-59
85
6243
35
8544
50
70
2110
8136
64
6092
55
98
7889
-5939
88
79
95
63
-62
6941
95
-6971
-4518
738
-86
83
-6839
-81
7292
981
29
-79
73
-4838
1003
60
15
28
76
59
34
-98
9034
7470
42
4473
5820
-18
4619
6499
48
-5284
-1064
3556
5585
80
8647
53
99
29
25
94
42
6861
-9011
16
15
-8432
59
-93
83
-3692
5119
-5302
-8526
57
-35
1298
39
47
9947
62
40
25
19
-6454
7835
8976
5095
-75
8484
75
50
9983
47
5430
782
86
977
89
7982
-1137
94
23
1982
88
34
8877
-6671
18
-6979
4277
7910
3343
47
71
4459
8402
37
3644
-38
99
54
-4388
38
92
60
6023
12
-3533
2518
1708
-68
47
7703
60
-64
-12
6231
1767
69
19
25
-39
9524
-6784
13
-4341
7595
7517
7169
1452
30
-239
51
69
1693
2163
-6103
-24
-7187
-4499
87
5509
-92
7252
-5597
-6153
7143
3158
8944
-65
72
1223
99
-1107
-7882
38
9964
9729
8021
-5112
-59
-4483
43
-8613
1633
-6459
7617
26
5762
95
761
1116
97
7602
6694
5048
-99
-5198
28
3799
-6373
659
-90
6527
97
43
-78
-8613
-8852
65
7166
5308
1345
8486
97
-91
-46
8588
-56
-1315
9998
29
35
-37
81
6902
6410
1682
2607
71
422
9861
71
25
6138
73
-92
-9419
39
-56
2506
3479
2180
-2798
6035
63
2221
-8362
766
-93
-4868
9779
23
7852
52
3165
-7881
31
9229
6863
1425
2135
79
2592
3144
7912
22
73
-6071
-8333
5508
26
-12
1901
3388
3111
66
80
-3759
1045
77
6869
8685
61
21
-56
25
-36
-5019
16
-70
-4292
25
-4203
9740
9514
-34
1923
79
67
50
-2506
67
3252
92
-224
-12
747
4827
-87
56
4673
6715
2836
44
-32
2789
-80
895
79
32
-81
41
-42
-62
80
28
-38
-7813
-3683
39
1564
41
87
3644
-25
4925
4886
-91
-1665
5475
70
16
9531
6982
3625
8769
72
5793
-77
8279
8717
6183
4789
3329
89
419
-8105
-2976
9896
2223
2761
1386
3893
-7188
9109
-40
33
6457
93
22
90
43
-67
4532
-69
6425
2091
31
-3647
3065
-44
61
3101
37
7600
8137
-70
67
94
4727
26
-1433
-2322
4253
24
-61
757
8021
903
80
-86
419
44
1499
-64
55
32
2701
95
2077
951
1472
304
-2925
-37
-6210
63
2708
682
-8672
65
9799
98
13
-1439
4502
7204
82
-63
-18
-9133
4257
48
-29
46
76
1692
-4597
-54
78
-11
97
60
4240
-14
3210
-8034
9879
-74
4024
48
996
79
38
-9097
9881
4679
3445
3308
-3110
5074
53
69
-6536
5669
-3820
-9750
3685
6936
48
-3314
32
-70
2647
67
-7327
-2926
846
-83
40
4687
30
1126
-73
90
-39
55
71
86
-6922
7880
6561
6340
5977
32
-7134
76
1998
2001
312
8609
3832
5340
17
58
-74
85
2722
6014
-6163
-14
-22
4023
25
-27
-4109
9324
-42
29
-68
-6685
28
-92
2274
-1434
-91
-4817
-5168
-91
21
80
721
-8442
-17
6604
20
42
18
5980
46
-8718
-55
14
1116
-3407
-7128
82
-51
-81
62
-4574
89
1637
3406
2455
7827
20
4961
4652
25
3171
77
29
77
6610
-2953
72
52
-3246
6398
32
71
-91
9703
-528
1916
3825
9383
56
3301
2712
-951
19
2756
15
5668
353
10
74
-1292
7204
-87
-72
-23
10
-9884
-521
84
92
542
99
23
-31
77
95
26
-6143
70
2746
-9058
-66
41
15
98
9080
43
-4405
-97
4582
7469
25
4811
3979
-23
9481
64
-932
-2443
-69
32
32
-943
7023
38
4469
95
7248
1873
8165
-15
73
92
75
9881
-50
-94
8227
243
9090
9450
17
67
-6606
7881
-347
-3175
-5108
9569
-1101
4337
5085
7993
-2270
1804
9257
5975
4602
-6891
21
-7640
85
3430
43
27
45
96
73
-3706
-6654
29
7561
-49
9591
8057
-30
22
-13
-35
3800
56
-58
68
-83
-28
3514
6837
-6101
24
-78
7992
321
35
9941
89
6155
3369
-2993
93
-89
6543
2967
12
5132
98
5667
37
66
-4340
3736
2745
92
9716
9845
-19
30
-6809
9314
-72
74
-45
5169
13
-23
3006
8935
5272
-7719
77
88
-4472
73
48
6216
38
81
5971
41
45
57
3983
5197
71
428
-94
-1950
-1483
8335
-25
6388
-3508
22
22
-41
-6024
2925
2392
-49
5830
-77
-711
4021
81
3589
-6652
6715
-5586
90
2754
6725
6294
3511
84
-26
156
8651
9618
10
5117
-70
-54
-1207
35
-552
5508
-5166
74
-51
44
26
-3948
556
3238
6797
23
-8463
26
5184
1406
-4778
69
8227
-7589
766
8113
-3746
-8551
24
8173
8046
4800
-2987
42
39
4351
50
9847
77
-87
6846
-80
-15
3222
-9612
-61
3196
-8014
86
87
-14
1082
55
4158
5270
56
202
-93
-92
2886
-2185
8228
896
172
30
1241
46
-78
7665
24
2617
3842
-10
36
-46
-7881
4103
-25
12
-33
-1782
2091
75
2915
85
8686
2879
34
12
5980
5976
-806
8729
-6322
4906
-8579
95
-2443
6752
4444
5724
-86
5460
33
-6941
8335
9095
3920
7550
-86
-63
-90
-15
-7383
503
-5967
214
7419
-9763
33
7959
-1098
-1162
2579
9392
-35
7225
9960
1707
-6459
174
2235
-9997
26
85
-43
1625
11
-8646
675
-58
98
-50
7960
-97
-20
-9116
24
32
-8234
4418
5736
2360
4517
90
2655
28
91
29
-26
21
4920
8561
2470
401
6828
1464
-1254
5837
28
20
89
310
2127
-4696
5582
-9303
4093
7174
2353
6303
6538
6148
-2889
2470
5304
4380
78
2573
-3894
3200
96
5986
-111
40
-1809
8452
7421
53
-45
-2630
3015
62
2593
7140
-2489
2548
-49
60
6321
-18
67
7242
8781
2967
2591
-9717
74
-92
3051
23
5455
52
86
1313
90
6131
7142
5566
8694
7167
36
8484
80
34
-8625
6852
4592
1353
5547
95
5321
9060
8970
2757
12
-6613
1092
8518
8291
4543
-34
87
5106
37
8984
-6650
9926
8875
8093
81
67
70
6132
48
29
385
-37
-95
-7678
7837
43
-32
-60
-15
-38
9712
19
95
-84
9770
4658
-8618
-51
54
5699
-26
2988
6055
24
5885
85
36
7528
33
73
8599
-5189
26
812
5956
73
50
98
-2084
-2872
8651
-4847
92
52
-9089
60
38
-3930
84
-47
94
-91
5776
-2285
93
6313
-83
-9512
-17
63
9841
8793
6322
-9220
2715
1511
42
9152
10
6796
14
-8236
36
5009
20
72
-3039
13
31
-75
514
5899
39
-138
-5893
-8085
52
-797
-9655
-77
-14
7420
40
-45
28
-5516
9493
481
7548
479
3177
-2950
797
-85
-1635
5961
62
25
-2724
-5058
9187
6884
4870
2063
5616
47
5522
-13
1640
55
3404
50
9199
6578
94
-18
69
-2846
6048
-5508
-69
21
7286
4232
-8472
7958
-3249
9398
3931
-91
-7751
62
7176
23
49
42
-789
37
9392
69
8570
87
20
56
60
-22
-71
-65
-6935
85
-35
3140
9999
6175
2443
6723
676
-5665
75
5202
79
2931
-28
91
787
317
88
66
8617
3273
-6621
-7403
67
3683
9928
12
-1777
-9610
-84
15
100
9518
-4956
71
59
8012
-454
35
24
8656
98
8742
4547
31
-6659
59
-9087
15
-4710
-2208
8796
23
-62
-5133
507
4249
26
-1934
45
-33
-5365
-9933
8557
9273
4939
-96
-26
60
-75
656
78
4784
4505
6870
30
-42
8278
-2555
6039
-83
-3334
-42
7935
8509
38
95
89
140
25
-2704
4890
-51
603
8442
-9868
6676
66
413
-3184
-1615
61
-3769
-58
7244
4237
2065
-94
4786
86
6190
-58
58
22
-5442
48
361
12
45
1063
-99
11
2089
176
25
3516
6228
8621
2888
-23
72
95
271
5123
-69
46
63
40
-82
63
24
-53
36
15
13
6654
47
7422
-9216
-53
1169
-32
41
194
14
51
8856
4182
5507
4045
-98
2489
6632
1299
-66
8933
2209
99
-8141
6208
4397
76
-40
58
30
58
-64
-7981
-17
3042
40
-89
6952
105
4635
34
5008
-69
-76
-9203
36
7081
2793
5094
1627
-52
-3824
2288
-82
-76
5874
3215
-6875
15
98
-1548
5747
9810
-1699
-77
2700
1727
2361
29
4718
4364
42
92
37
7546
5780
87
-8622
1299
-81
7644
884
24
3931
62
-78
3022
-77
1731
3380
-461
55
52
47
2437
-67
-4674
-1636
-961
77
-4573
8851
7564
-18
13
6960
75
7828
-1583
-29
22
9180
-72
7424
-85
5855
7302
-65
9648
76
5913
64
-2213
-36
-7955
34
44
84
-7400
1910
60
-98
2539
5359
64
99
6163
59
400
8551
47
89
-44
86
79
-93
8833
1458
-6268
4735
8678
-63
39
-1766
99
-9648
-3281
75
19
3135
9997
46
453
5366
5839
-3374
-9665
5280
63
3064
6582
-58
32
44
37
4082
-9175
2974
-9302
-4908
24
12
8027
7127
-2451
4036
-90
6061
93
70
9753
61
872
1510
-9974
2657
23
4962
-3664
74
29
1930
78
-3478
-38
98
97
9723
46
36
-62
6035
7308
84
44
-122
1797
688
58
1815
-52
-8090
39
2550
9477
1856
769
3041
2478
9440
86
84
62
-72
-56
3322
22
7562
-91
83
-48
4349
-53
-1331
-4506
73
-15
7199
587
-8317
-18
67
5321
-9887
75
96
-68
6024
-2504
38
-2446
-296
-62
68
-52
9523
57
6610
4526
16
4858
1217
2616
-4602
-94
8355
-7361
-3367
-83
6955
2204
2585
8743
67
2304
30
-77
-73
86
-7295
3155
-732
9556
85
-4465
9258
-3449
-6047
-5137
4097
-2841
-70
71
70
52
4337
-96
12
-2780
-73
-1246
7538
5202
-63
51
-2170
36
-1310
9937
31
6186
9817
99
1879
5332
12
1565
723
3862
53
-48
99
90
4966
1662
-10
20
14
-7621
8732
-6217
35
7838
21
5303
6396
2386
74
-74
5042
95
-9406
4265
7474
83
9346
-1342
69
2664
6982
66
-2195
478
-1842
21
8068
9373
9595
42
-14
70
-5242
-99
9020
87
55
3638
-43
3458
34
-2874
36
3736
-4429
70
-6566
23
-44
-6769
88
9549
-3277
-82
34
-4614
53
-75
-9510
73
-6112
33
-92
42
-33
5073
2889
16
8315
52
3374
7812
6027
81
2009
7823
8338
-2090
-29
4885
3126
-14
97
2686
30
6244
-9770
97
91
-1904
2068
6772
66
14
87
-5390
45
51
88
-222
1903
-4340
28
-7408
23
-4630
-4970
1381
8332
-7618
4922
98
1606
7648
3213
8830
6802
-75
7536
-19
14
96
33
592
5606
8342
3470
1044
27
2394
2926
-806
-3732
-3833
-1082
2845
16
84
-30
66
7618
-32
-17
8556
77
95
56
-82
1424
-79
53
5720
-95
-5450
2379
89
89
-81
59
7747
-4965
73
-3508
-59
38
-39
8250
8320
73
5543
57
8890
237
4852
5599
6854
-494
6413
-42
9705
95
976
-379
-6022
-7353
8134
-28
6627
29
90
72
2123
3975
9611
1549
1682
2730
6535
-4091
86
-7109
9905
8022
7736
7444
94
51
76
6142
6993
4391
-7490
1990
-75
-40
-77
3298
-9731
5279
4448
31
-9718
-7774
6153
69
83
82
9103
32
50
-2091
1577
1662
-56
5828
33
-68
3485
5621
-46
520
9872
9969
8415
-34
-35
23
-8981
45
22
-7239
1438
-5639
-5617
12
3281
6461
48
5986
-88
67
9652
7131
-925
-8137
4588
4323
10
6297
39
59
-5084
1104
35
48
-7219
-3967
22
-97
197
-66
49
42
4542
43
1379
36
2556
83
37
-6476
95
1404
68
-2834
72
-9218
2642
-4805
-6068
-37
-6095
6103
5781
58
9748
6354
-18
72
2912
56
1004
51
30
1878
2609
445
8300
196
7614
6367
9826
-82
36
68
-4715
-38
-4466
7360
-8630
-23
35
6270
1999
-3966
77
84
23
52
3755
73
-462
41
-20
-89
67
2366
-19
4776
-525
22
54
43
81
6457
44
-52
-74
-2394
-7874
7224
6233
3519
-97
3077
9784
34
-25
-2114
23
-5320
-7188
-21
7087
-6759
46
20
8194
-30
86
-1211
-5346
1114
1545
93
18
68
-64
24
76
86
6722
-67
-2562
4204
3936
6533
-10
-9423
-78
1876
8799
82
6077
79
77
8401
6472
-75
-6599
-3457
3297
5995
1638
-18
3518
55
24
9652
-76
27
63
7678
61
-6244
-54
2131
-82
79
3227
-7327
322
-41
35
-5847
5425
76
2652
9859
-4609
-9656
-98
89
-761
38
8188
-7154
9009
95
46
-60
9380
-4790
33
937
13
7095
88
7408
87
-61
-38
503
-8017
97
7314
41
-820
89
42
-3120
-1102
3445
-703
7507
-7104
-6998
5254
365
73
59
-36
27
8493
74
64
9854
-2418
9272
89
37
8937
7872
3938
5669
4572
59
5084
3396
-52
74
24
1251
-12
64
7959
44
9162
92
87
-5344
-7251
6653
-9574
-5776
-59
20
13
-6657
-60
1899
37
-9060
4207
-4416
-9774
82
-5201
6887
88
20
39
-6736
-53
-3074
1256
51
110
66
3716
45
-26
-50
2884
6153
64
33
92
-3420
89
-6237
-9195
4934
-9354
86
-79
-672
5780
8841
5978
86
-4055
-64
7815
2102
41
17
42
425
-56
2739
24
-5717
-84
11
-62
7806
4054
-2125
-33
696
4500
86
74
94
62
20
-615
5423
-9614
5170
91
-8756
23
5794
-2553
17
2817
28
95
5507
13
40
94
-93
-5405
1537
70
-93
-5456
86
7374
87
41
-6879
364
2369
69
23
92
64
1118
-6976
50
13
13
-2829
-14
5919
-8959
-1879
-48
-11
1648
7583
4208
34
12
6479
-57
2661
67
3444
6478
6111
385
2543
17
40
-9181
-9688
2218
79
44
-9196
12
68
8682
-6738
591
91
63
-79
7342
88
1609
92
329
-21
65
8911
32
33
74
4957
5987
-7565
131
-86
13
-42
24
60
52
-4879
2697
3278
11
3498
-57
3212
76
6859
2374
44
54
61
-915
76
-4426
4065
-6003
-3736
83
-9331
-95
58
2074
6087
-9238
-5652
8343
-2643
-36
-870
-696
-84
-90
5287
-9168
344
-3746
-551
-4645
1457
92
46
5088
65
1381
43
9295
7360
2586
81
-53
-32
77
3587
-10
70
1747
9729
3978
8840
37
2986
-54
6213
-85
-10
2476
4274
-8156
4744
-1001
7458
6550
1546
27
-72
-660
1225
-60
-7969
87
4767
44
-88
-739
-26
-5891
20
-67
12
81
3137
-6128
29
19
-87
7622
61
3794
-20
7238
8180
-1453
-22
8196
9216
5319
73
-10
1273
4726
23
-66
8412
-46
4129
72
6527
36
-408
-43
4832
-3905
79
4732
26
6837
-685
-10
7125
7726
3828
82
-6486
13
66
39
1366
-4640
-95
-64
89
-4345
9826
6146
7334
-3392
28
41
8679
5662
83
325
91
19
-14
7052
8380
63
3765
79
4535
32
4763
33
-2462
92
9690
-91
-44
-7756
9099
29
82
73
31
-4396
1098
-23
2832
3267
66
-49
-90
40
4107
87
8142
31
67
93
6423
4023
38
24
39
2060
8123
-3857
2254
5402
19
1336
82
-7685
75
-30
91
80
-7068
808
-6698
-26
-224
2013
75
2582
503
-61
8466
5542
11
-53
3334
27
-2573
5392
51
87
73
6838
4200
5145
4803
-14
22
-46
-3351
23
-3583
-8568
4940
19
-416
94
9293
8030
3948
3588
26
-16
-2940
6021
-2772
-27
4321
85
5978
5852
-4547
72
-50
8524
58
-6700
4068
75
7777
5229
15
88
-1102
-66
-31
4777
-17
-4342
8578
40
4387
1406
97
-1173
74
-76
48
5622
7426
8488
19
9519
-14
-1719
-41
-5640
9106
64
-1873
64
9064
-8841
-3051
9504
3425
4477
-55
-4986
1059
2428
-5348
2556
-6734
-26
-58
95
7889
9488
69
5788
6114
1588
25
3043
4984
1631
6380
-3849
-2532
5167
4020
97
51
9331
6411
-6908
3032
76
43
51
2767
33
6269
89
24
7156
6825
-45
-4119
2918
-2284
-21
-5310
17
-54
24
1663
4706
-572
-8307
43
68
9392
9276
61
74
42
92
5242
2725
-6634
49
58
71
70
96
-29
3170
-15
1168
53
67
72
-64
-8008
32
6002
65
45
-2251
-52
-7836
-5409
5927
2325
99
555
1473
8129
43
9484
-62
23
2939
63
8041
859
16
-4756
-67
27
-51
-494
37
-8012
67
62
90
46
-2106
18
4615
-8052
3135
2888
4613
12
51
819
7765
-9053
-52
3288
39
-18
-55
-7509
27
25
-25
48
96
26
-651
1060
263
1546
7352
-83
82
-2075
7372
40
13
3117
8378
-92
59
-60
59
4801
1067
47
-52
-76
-14
2222
8004
6511
99
-34
3719
-83
13
864
49
23
-2509
7309
19
40
25
8178
9045
-33
8180
4679
-4802
8192
5320
-3767
3516
-77
96
4473
-5231
9746
3442
-8348
79
5815
59
71
7573
7911
38
-4121
-74
-9521
-1257
96
3350
5160
54
1503
-2273
-23
-99
-71
-46
-90
-5452
-6024
-41
97
-10
-88
4374
68
-8822
66
-41
1975
-71
834
1992
6785
6584
94
4143
-98
8988
87
8894
-39
-23
-1320
23
730
-11
8673
2975
95
-8947
90
40
76
7895
-5725
-4695
63
67
-2531
3532
-87
-1440
45
-5174
7828
6670
7799
45
9425
48
47
41
-50
-5957
801
32
3490
49
22
1359
44
-79
12
34
71
-5760
-72
-1580
2858
3342
3014
39
53
37
68
80
-3002
7199
-7060
2220
7912
63
6961
10
907
17
6996
90
23
27
95
61
-69
4579
-8494
73
9049
-97
94
33
6465
7057
6016
39
6113
30
26
27
28
95
64
-1987
3019
-79
3461
-5932
-3063
-6021
9268
-6890
-8138
952
-3503
1327
-63
-85
70
32
-2911
7215
3256
66
41
6962
6658
88
-6699
1540
20
4993
97
22
8731
-3070
6308
15
-49
-55
-7769
-6248
-2319
-76
-4090
8105
74
85
-75
6137
93
48
9410
5173
-43
94
-5974
1665
24
93
33
2921
-1191
83
1719
-53
4935
8603
-3279
-5959
-69
33
187
48
-22
6312
6700
7165
82
5430
70
81
11
66
-1669
-714
22
311
914
-4952
23
-7744
8242
31
11
-4198
-3471
7833
14
63
25
9682
-96
-35
73
22
17
-52
84
6629
8748
41
-6297
64
9751
34
-81
-88
525
66
-5425
23
-8782
65
55
-75
7685
6447
-4217
-7904
-8929
99
-82
70
8381
7521
4955
-8714
-8199
-58
59
7668
-67
47
685
5981
-37
-2927
425
6084
884
7128
53
9202
4373
79
1986
36
2058
60
-1432
6249
-9429
87
9309
49
67
7276
48
4571
-5747
-9295
18
4128
4506
-149
87
15
99
3415
-15
6809
8566
18
1831
83
6392
-33
2579
37
56
2068
8746
88
-62
5324
9180
-46
1660
96
1971
61
8087
-8651
-8973
-5019
2944
74
2170
22
-93
74
7280
-878
15
355
-3773
8123
3853
3923
-12
8218
-4725
1140
1791
2573
7652
38
8999
9249
8019
91
89
-606
4293
4679
-31
-5325
3769
1940
74
9655
-89
45
-9104
825
88
-8951
-9295
45
82
1447
-9378
77
-23
56
1744
79
3057
71
44
9150
6853
22
-85
92
88
17
9499
58
6722
6344
99
42
579
48
5852
7901
8771
45
54
2532
1748
84
-4536
-1818
3147
47
-162
2852
-6661
1648
5148
-5287
1932
1626
-16
-96
-33
3439
3032
88
1233
93
8071
-67
32
1454
8314
90
-7228
-8936
-81
-43
389
-71
-82
9184
-57
-6958
72
6387
22
5889
35
9454
9779
64
-1867
3087
-53
7780
4565
72
8666
4393
-2469
8237
9749
96
82
-28
9424
2990
1622
-1511
10
2261
14
47
7427
7488
-7954
6010
-35
6791
5838
92
-60
1926
6915
9726
-7766
766
13
3198
5538
5888
-3879
82
-8397
-98
75
20
66
-2873
4680
508
2081
9232
-1889
8141
-216
1519
1082
4937
3451
22
8290
-97
-40
25
-2444
45
44
20
5056
-42
-41
99
620
7074
7062
-682
61
432
9625
-1471
82
13
-71
92
37
6081
1905
9206
7591
8345
94
6188
-8562
7257
73
525
72
789
90
66
6777
-5637
8466
-91
81
12
85
2048
6848
6949
6957
-31
87
6258
9516
3800
52
5715
-65
-5548
-7141
-6459
-81
3978
69
-55
1269
31
366
-59
-6509
1426
-763
-4751
1917
2066
97
3062
96
3753
-1687
5740
78
48
-1697
21
43
-26
90
769
21
2603
27
-5301
91
5419
5649
8538
-75
-1835
2128
-40
7502
400
-24
9467
96
2544
-7853
5864
4871
5260
8702
2699
30
712
3893
-19
67
33
3884
-3610
64
7310
-2259
3246
5346
10
1697
5650
-560
7034
37
90
-1553
-6778
1973
17
-95
14
23
-3135
13
38
-9339
-3208
2443
69
83
-27
-9023
-98
9870
7796
6479
66
-88
6804
9468
1605
2457
3483
40
8159
9950
9836
-3144
4922
6772
12
-9582
62
-11
-8883
43
33
-3520
6499
-5026
-8868
-52
5556
676
-80
-76
19
-82
74
54
226
6261
266
-25
-41
33
96
1270
-9791
89
9285
92
33
31
65
-46
38
93
9806
95
32
-5751
-2946
-17
-58
68
-6285
13
-9523
3433
-39
-68
-45
66
58
1789
68
-2548
8047
89
99
9446
41
40
6651
68
5137
-52
-39
-8284
7732
-1283
-40
36
50
14
64
4802
4227
8736
2621
80
48
7042
1510
69
9331
-8848
-1658
-41
-82
-83
36
35
83
6105
94
6586
-240
53
-57
78
6647
9505
2104
-47
5348
8483
5667
53
56
90
-258
1052
5902
30
51
4187
-1258
26
6344
-83
76
10
6805
1540
-9011
-57
71
-3764
-7415
23
69
34
-4164
-1747
4550
4198
1688
80
7923
-7699
85
77
6406
3601
8554
5043
7970
5619
10
88
-83
3174
5084
-45
-7732
5511
-98
-19
99
-5065
6391
-11
62
-95
-51
59
9028
-4362
155
-95
23
2778
-71
4242
-55
15
98
9176
1017
7665
40
27
4934
10
34
155
9636
-10
68
-56
4259
3808
-2111
8424
3790
82
6437
58
1326
-8188
54
62
8063
63
-12
-6829
59
4725
1575
347
3012
2707
1114
8642
9215
72
76
96
-91
7249
95
18
-8213
51
-56
39
-74
61
9618
8653
2635
68
87
3967
-61
24
3559
-7329
8318
2454
-6246
9263
-95
36
-6721
-39
4979
-65
8016
44
-94
71
-89
-8596
60
3296
5622
16
9964
632
-36
4819
23
93
419
584
-9327
6267
687
9853
-3621
-95
-5429
1501
-1183
75
1033
3485
86
423
51
80
31
-8341
-6019
7722
5100
2175
-5611
9601
86
37
75
8439
9215
8455
1759
57
-91
951
1878
-436
4434
8094
62
-76
-148
1213
2628
10
82
-2017
1678
67
-9106
8024
7476
6771
-61
-89
350
1504
6064
56
2050
64
90
74
-7913
9623
54
8563
44
7449
6001
21
3661
-30
-9479
1350
38
3999
-10
3631
3814
61
341
-75
-14
-83
86
9589
37
-22
4248
-2159
-57
83
5865
9166
-2939
-5017
33
34
41
9180
-51
-39
29
-5715
17
8634
36
39
3401
76
-8243
53
58
-2357
-6566
4601
565
-346
98
21
-88
-5672
7090
73
-7067
-2471
-47
3658
2837
6061
9081
35
9963
68
12
96
4363
20
-7352
2652
55
-44
9227
9221
938
51
162
8517
3520
42
3295
-4524
5032
50
17
8227
65
77
9250
6095
5303
6000
66
9264
36
-8593
10
6913
18
-213
79
9101
-5827
6142
-34
6430
93
2884
18
5601
-4293
2407
-3859
74
22
71
7504
-9327
42
38
36
85
-62
4475
3028
-5459
9440
4455
-847
-9885
-1310
87
-94
5091
15
8111
-19
9904
86
4049
39
8897
8492
27
-794
44
8832
4113
4738
5251
-90
7536
-4141
20
-5555
95
8781
-92
2329
97
25
5805
74
1824
-42
4096
4570
39
-2985
-80
26
88
48
-57
61
73
27
51
-93
27
9042
37
91
-23
5597
79
-50
-65
-12
97
-85
6078
7800
4022
-4500
-60
-6584
12
6354
5318
-3911
-9858
4160
4421
6809
3867
43
88
-41
31
3859
44
-67
-4949
76
6218
9478
8178
-2641
-4310
-79
23
-1488
2798
4768
971
232
58
12
-78
90
8726
9259
6409
1866
82
-55
7231
-32
-79
12
1618
3407
4995
88
6954
2522
-4876
880
4353
26
-9591
62
-2365
6059
20
1417
813
5441
6433
7071
1555
-4751
96
98
45
-5325
36
1780
3768
5676
-281
34
6381
15
29
52
1225
18
1332
-3498
-2869
8071
1504
37
2295
8478
-46
6969
-79
96
14
1660
8373
45
3443
-8508
80
9374
567
39
4631
1662
84
8880
2062
55
-99
3743
649
-1045
98
14
50
-788
65
-5277
4288
-51
3943
-5425
55
1114
1776
3515
350
82
5512
28
7656
8649
-32
392
3606
5416
67
32
7651
97
30
6670
6352
33
-2093
76
109
-9603
-48
5247
3230
56
3893
-3360
73
34
-88
9338
-35
29
34
-38
-85
-8650
2524
65
-41
13
461
-1665
36
62
18
334
-51
5146
-4138
-15
4539
25
75
-7766
4067
16
7471
-9449
32
-26
1928
26
3760
5244
20
37
2780
-4027
2544
8890
80
-84
-6295
3781
-68
-996
56
56
-69
-24
43
2041
66
-92
56
69
42
-3945
6450
2665
59
82
9751
7494
-8756
10
54
8139
8973
16
-1272
-5548
-2800
-60
85
3866
4046
1445
-69
41
8691
6923
72
12
2242
-7593
-16
84
5598
69
72
38
-84
2245
4966
-59
36
-4820
40
2949
-3165
4154
-34
-3251
71
4555
-2884
56
65
5425
8134
-78
-12
52
-6915
35
4823
79
75
-48
7203
4964
87
7151
7343
30
88
29
92
-44
77
8443
-7634
3870
-88
69
73
-7205
-70
7429
5325
-4760
8739
2334
95
-95
-7998
10
650
81
-5009
4345
66
1425
71
3328
-60
2076
46
77
-39
56
-2702
4213
2873
52
7157
7762
5589
9881
-82
-63
2777
-5915
75
40
-73
3275
37
56
4591
8117
6510
6926
91
22
6776
-4474
3882
-8476
-14
99
8120
4584
70
-8684
-5689
99
-4393
-86
2524
8032
7561
30
86
102
38
834
-9523
11
92
-21
-1289
12
-7043
86
5176
3377
5164
-66
-4116
1344
-6742
30
9972
8081
-7017
16
-46
-12
51
7912
-739
2354
-41
-9151
-75
-7005
29
28
2448
2840
-4409
-4544
25
-98
-1516
71
7949
8576
2664
9084
64
-2398
41
-235
90
5355
1263
24
2087
1111
9023
1771
-4115
82
-15
76
-698
7678
9656
98
-26
-8356
59
-9464
-5457
89
-8034
3932
98
-7745
-74
4476
7540
-16
87
-3271
-8625
17
5551
4990
-3672
4206
80
5868
6569
6874
-14
48
50
-56
-2873
9568
-55
47
8525
980
-1944
9532
-40
3942
-48
10
-98
-4106
-83
4257
2912
49
26
5900
4920
76
-37
-2388
72
-498
54
-28
4904
62
9271
41
-1001
66
-3161
8410
-3462
31
9146
33
127
-8024
265
4814
-52
4103
-4774
-72
5210
80
2415
7392
-58
8969
6095
37
-61
89
91
85
24
8228
-9758
857
80
37
-83
2112
427
781
-7067
4565
75
-6089
-9161
9699
6552
-10
24
-7992
-46
3195
7863
9796
31
25
971
209
67
36
88
1792
72
45
3023
7384
5280
29
-60
60
-2574
42
8267
76
3288
-51
83
-4497
96
3063
26
6193
579
2102
-4776
3916
252
1348
62
-58
9052
-31
-25
17
-1288
58
79
-8936
-8064
7240
83
275
3983
6154
9304
-46
94
-86
1674
-1329
1742
-65
-8120
9886
786
-2628
-9244
-9245
91
-3207
-40
711
-20
-9315
72
5370
56
16
-78
3135
-9871
1889
-33
-51
-9728
273
7173
7601
-76
27
9000
2541
428
772
5587
62
-78
-4663
-7200
84
7266
37
3499
57
22
7813
30
-17
-2097
89
45
-6562
-52
-6525
57
57
8073
3849
11
-6133
3733
243
-91
34
28
91
9772
-71
6798
3682
77
99
3672
80
1979
77
7879
2668
6897
69
-5612
6667
58
73
13
-41
44
31
89
-1776
16
6638
-9604
-9629
37
-7774
77
34
66
67
6037
37
438
2024
7620
5444
95
-45
6299
4361
1154
44
5537
20
-78
-33
-2093
11
-60
-71
6602
73
16
7241
30
21
8027
554
55
-49
2708
65
7281
6587
2245
-9331
5590
6532
1103
32
-49
-8733
6884
7722
33
92
-743
5940
834
53
7829
-8889
46
60
3937
62
-716
6561
-7749
7139
7809
2913
7499
21
34
31
9893
8733
57
86
6677
-2956
2737
20
-1543
9556
23
11
-8417
-1175
-7330
16
4927
-88
-65
44
8561
82
5474
-80
1709
550
9786
8064
49
-1414
2185
6496
-94
-33
81
19
-57
1931
7260
-44
-5878
39
44
-4083
-9756
1662
-92
-4940
25
3743
1532
-44
5941
480
-88
8825
39
52
-48
20
38
-62
9459
-3697
-7809
9085
-6045
39
4737
-2032
-51
-72
4021
1653
-4397
22
4540
45
-7674
4424
-9640
-50
62
8480
7674
7244
-5228
67
20
-55
30
55
26
-71
60
36
-9808
-5126
37
32
-4061
680
4716
-2887
-7974
52
7754
60
50
78
-39
-58
-5917
86
31
48
3307
5459
5178
25
2557
133
1673
84
-2465
22
8867
3258
14
5440
96
-351
-12
3759
88
47
6898
9396
77
4367
38
-9567
6768
94
-729
9865
-63
28
9212
-59
-13
8718
-58
1381
79
95
70
-51
99
39
93
84
53
32
4661
6489
-79
-5417
2358
2714
-16
8667
-4949
8527
67
-73
3518
38
87
-6958
1652
2466
-6576
10
-55
3748
1197
2075
67
1960
2677
-6004
4964
1655
-2619
1587
6308
-9788
915
96
-7911
-5672
-3450
54
2397
1812
86
5505
-95
85
53
-2347
9443
1137
-5272
82
-9213
2256
8590
-9365
19
3065
31
808
802
9785
98
6593
755
6297
93
2851
2176
45
91
5059
-2380
4039
2106
85
-6136
3512
58
66
5396
-7367
7332
38
-8234
6311
-59
3139
37
-9335
50
60
2348
-27
-6369
-4280
3109
-87
4413
-3100
8100
2054
-1557
81
5705
88
8679
870
25
8128
90
99
-28
25
62
-79
5402
6871
49
-74
978
36
94
9930
1231
2402
8898
-9950
87
5413
4556
-3584
-7671
-90
99
7928
-124
4944
66
78
-9238
5669
64
465
1164
-59
92
6420
-7159
-9562
-5551
1430
83
-59
-4587
39
-22
65
14
5548
7106
9225
33
7186
19
2745
51
-48
-95
-5669
7860
1148
-1413
61
-92
6896
2630
-620
40
-30
-8771
5522
5737
-93
8721
-68
-37
-8454
5654
18
98
-69
44
6047
-138
-706
-1340
79
77
69
53
6415
93
58
8322
15
15
60
99
39
4928
22
7446
3345
2953
7928
1236
10
60
-8581
-25
6761
64
18
94
96
77
735
94
-8278
90
6088
-5061
1952
5687
96
3580
1975
-1943
-74
77
8051
1324
6348
-5862
9907
1362
7857
40
-68
-2960
19
-99
-11
6993
-15
1790
-50
516
-7802
-94
-38
-4771
84
20
518
1972
5996
3709
14
2923
1848
7095
69
-37
-4702
5704
-9830
-77
64
-41
8482
43
85
2825
-2989
-7564
-3428
32
786
-2124
4806
94
-49
-4449
3726
38
-576
12
2757
9342
2282
26
-11
-775
-15
8770
-4913
49
-5644
84
-85
787
5633
