6119
2335
5253
5624
9417
-6541
-1919
-4747
-8097
-1989
6760
-4691
-986
9797
2525
-4143
-8003
-4561
9924
-3163
8666
-4038
9857
-3051
-4304
-2213
-223
9569
-2654
-6254
6327
-4117
6780
-1448
3225
-3494
-2308
-498
-3971
-390
1208
-4474
-9746
6167
5552
6190
-9876
5701
9960
1822
5815
-2037
-376
8103
9923
5614
-1912
4851
-3018
-3910
-451
2499
-7654
-137
-2405
-7323
-4519
-1867
3091
3256
-9896
547
2165
9019
-6691
-9160
-4603
-9419
4491
2429
9795
-1788
-1116
-1749
-8361
4917
832
4265
-2226
-5064
-61
-1884
9471
5388
2934
8151
6588
9966
-4128
4267
-4627
7569
-8499
2263
-989
-9383
583
3963
-8402
-1245
-8886
-346
545
-7803
-8153
-2415
5245
1943
8989
1439
2584
-5507
1791
9729
-7769
-6183
2059
-7489
-3013
9381
-6165
5225
-3750
-1450
-3468
673
-1855
476
-4993
-3979
-9475
6923
-8850
-7895
2312
-5618
-607
9938
-6861
-8294
2764
3279
-4962
7466
1483
3535
-4807
1219
2409
-1413
-4563
-1308
-4505
-6305
-6490
7653
7199
6958
4095
-7786
-2637
1897
8626
-584
8696
-9217
6078
6231
-9207
7978
-2694
8998
8987
-1510
8599
-8097
-522
1520
5838
-6212
519
-8578
-6275
6508
-234
7445
7359
8985
3805
-7602
-2761
-7622
-9955
-3166
-7289
3395
-2056
199
3109
6343
-1593
7091
2750
2377
-9798
-5208
2535
-7886
-9213
3098
-826
8745
-6341
4475
-7777
5334
3948
-5483
4689
6553
2443
-8958
6500
-7695
9369
8035
4000
-9849
-4217
-77
8348
-1460
258
-120
5307
6253
-2898
4298
9630
-7689
-74
-1692
4978
-6671
-7840
-9350
-3906
-3858
1925
8652
-6291
3440
4233
2205
-1405
6829
-2797
3429
4143
-600
1131
-1228
-3683
1126
-7596
-5123
3802
8879
-9923
-5486
-5427
-2629
4521
7798
3996
-5196
2310
3537
-2782
-8812
4818
-8781
7059
-875
-9997
2751
-4883
8859
-9225
-5523
-4046
-3995
-7574
9891
8841
6831
-8757
3237
7008
5433
-2052
-6396
4380
6894
3547
-8764
-5050
486
-5393
8526
-7556
-5091
2614
36
4257
-3464
-913
2869
-1747
7852
6538
-3040
-2129
7865
695
3806
-2545
7172
-1324
-7181
2182
7424
8144
7203
4696
-4811
-8807
4604
-5782
-9420
8793
247
8697
2823
5434
-7074
5995
9991
9308
5096
3669
1749
3609
-9783
-8887
9392
-2046
101
-2839
-4677
5268
2596
2899
-6057
8473
-1579
-4844
-4743
-4554
-5114
-9998
-9371
-1907
-121
9007
-6115
7150
5394
-6095
-8766
186
-3900
394
-2604
9246
-3290
-1333
-9843
3686
-7467
5664
5143
-3041
-8877
9453
1995
3763
-4082
-961
5274
-8816
7793
6312
-2512
-4124
-4696
-1290
2827
394
-676
-2098
-385
7912
748
5927
-7393
9190
2102
-3385
4894
-204
-8740
1138
-3841
2158
9825
6091
-2222
-4646
4334
-266
6322
-2378
-969
-5368
-4588
5591
-2665
-22
524
1919
6542
-6909
-1747
-7722
-5454
-9109
3768
1361
-5614
-86
7597
8056
4783
6160
3582
-9950
-9682
2027
-6651
1676
-8404
-774
-5583
-798
1381
7433
1602
6481
616
869
-343
-5005
-5210
-7267
-6467
1577
-5383
6355
-90
3259
6718
5446
-6294
-9054
4673
-5541
7667
-7386
-5558
4481
372
-2655
2968
6362
1000
2706
-6854
-1398
-3611
1859
-5736
6649
-9309
-3683
-282
-9736
-989
1380
-1850
-63
6043
4708
-577
3517
3182
1869
-5435
9021
-3732
-9804
6424
484
-255
-831
-1315
6237
-6992
5066
-9704
2610
-1592
6653
9990
-5297
461
-7371
-5536
-4782
1448
5269
4732
-6210
6220
2977
-1132
3796
-7836
9487
-8132
3432
-2284
-5296
-421
-9443
-2880
-7934
-4421
823
-2798
9057
6068
-1225
808
-1216
8562
9989
-1016
3983
6865
1205
5472
-1403
4473
-3493
6700
2770
-5681
-7432
2118
4963
6597
3827
-6906
1988
4820
-9005
-1218
1325
-591
5382
-8494
1060
6874
-2109
-7825
-9822
3956
-3621
-1449
9163
-192
2687
-3233
5041
-4059
7029
4175
7413
748
-984
9499
4741
9954
-7183
2256
253
278
7517
3504
5406
3211
3902
-2028
3209
1001
-1076
-8675
6916
-2547
1105
-9120
5261
-352
390
-2699
-5607
-7537
3803
9669
6590
-1467
5276
1124
-5565
-6157
8255
-1745
-5949
5781
8739
9806
6110
6588
-9416
4168
-6119
-6189
3750
-2486
7438
-5650
-2378
4295
1908
-6762
5141
558
-9261
-3471
6366
-1754
4277
-2923
1131
1916
3185
6103
5472
-2553
-1569
4505
9265
-9287
-3818
9723
-1380
-6199
7800
-2720
6364
-7803
4398
-4961
-239
-2206
9978
-298
-9585
-5152
-6587
-1431
1051
4249
871
928
1557
-4125
1439
2573
-213
-5813
-629
-3208
2414
-5860
170
-7059
7408
-3269
-5690
2056
-8944
1906
5182
8750
-8539
-7216
-5762
-1839
4808
-8031
-515
9074
8591
-4278
-3593
-1359
3261
-5194
-3131
7806
4811
-5186
9063
4432
-817
5569
-7311
1039
8948
-8771
-2329
-2694
-7791
-927
4719
-8933
-3348
-1525
-5959
921
175
9760
-395
632
8846
-7589
-1512
1859
5139
3895
-5689
-4848
3271
-1455
5068
3854
3881
1878
6128
-8507
8798
-2308
6652
6135
3336
-8599
3453
-8523
-8507
-8349
-1684
1218
8488
-1249
3697
-3612
-8113
-5051
-9118
5525
6287
2916
-7351
6153
-5125
8465
6062
3558
6160
-2353
-6332
9611
-6809
-699
-8924
9678
780
8268
8078
-847
-1000
-6742
-849
-5680
2027
-7227
4321
-4138
-7562
2346
-531
-7618
-4948
1248
-8092
427
-6034
-9443
5816
4696
3995
3354
4527
-2909
-655
-1755
3284
2022
5551
-4711
8718
7406
-5668
-3345
461
-6691
-9381
7129
-3597
-8670
9990
-6590
-5595
-4529
-7800
-3464
-2183
-1492
-6060
5809
-5806
5831
8267
-1244
8807
-9376
-9759
7567
-775
-1886
-8362
-8536
-8324
-2483
-1995
1376
-6554
7255
5655
-3272
1779
9838
-137
4652
7816
-4674
2081
-1926
-8960
-6055
-4805
-8057
4373
-3589
7725
-615
1303
-2858
5679
-8546
291
6146
4157
-8767
-7550
9360
-4237
885
-7227
-7573
-3906
-7598
6489
7073
-4259
-6641
-7442
-4031
-6228
-5351
-5299
-5863
-8501
-6392
543
-8232
-6440
-9204
9344
6421
-9494
-8037
2929
-4638
4694
-3331
4744
8985
1392
-3977
-8642
-5454
-3419
377
-9699
6006
-3592
4402
7679
3263
-6240
-5882
8140
-8167
5752
7458
7941
-2703
-1351
-9560
6927
-9832
-286
8309
5112
7636
-3337
-7332
-7129
-6704
-9286
-4944
-9160
8201
9697
8700
-5260
-4246
-362
-5144
7311
6782
3980
-3733
1369
7804
-2529
513
-4320
-828
-9611
-6831
-9630
-451
8061
7280
-7130
8282
1179
4668
6451
-1248
9203
-2777
5695
-79
-6572
1171
7314
-7009
-9243
1376
-1769
-963
975
-3526
-7854
876
6890
-6669
1769
164
-9521
5860
-1767
561
-2316
7483
6374
7544
2418
-4504
2068
-1322
-8557
9036
-6220
8837
3280
404
-2675
1061
6187
5858
-547
-8095
4678
976
7926
8713
5142
-2774
-4511
7848
-9956
6174
-8720
-1439
-9323
6591
-8542
7106
1839
-7054
5131
-4937
987
5192
-5114
9062
692
9128
-5255
6562
-9597
-8395
4178
86
1319
2252
-1565
8781
-6861
9748
-8755
-2848
-5341
-9067
8393
6035
-3377
399
-6576
-9504
-2946
7014
2298
4821
-2363
-8717
4869
-9003
-4178
6297
6528
-5046
-1978
1485
-4696
1024
103
4058
2199
-2882
-4942
-9146
3329
-2127
5702
-7055
-2948
5790
-5050
47
9309
-5293
-6826
-4876
-5445
-3815
9902
-8626
-7224
-6204
-9686
2879
-1456
-1554
7391
6676
6813
-9053
-9786
3084
-1711
3448
-5691
3220
-2010
-7542
-5917
108
-2649
-5755
-5785
-8101
4613
-2235
5646
5332
3290
6591
6272
2231
-3070
3894
-6929
-4419
3394
722
144
-7216
-6833
798
6626
-8526
-281
-6207
-2870
8067
-3553
544
-2749
3890
4889
-5814
9129
-7041
-4766
4411
-5922
2124
8850
4390
-9413
-9709
-7611
3084
-1217
7854
4640
-3038
-7483
-5843
1451
-5585
801
6762
-1417
-1374
3887
-2368
-6065
1211
3945
6869
-1950
-191
3458
-2903
-8454
-3066
-7600
-448
-9886
-3124
-4250
8385
658
27
-3810
2876
5193
-9188
3338
-7956
1230
4173
2318
2870
-678
8585
-2913
7054
-9998
4680
5619
-8482
1737
706
2232
8896
5274
2678
-7569
1973
9710
109
-8535
-1985
3554
-2827
807
-7466
6029
-3515
5860
-2662
3048
-4972
9355
2238
-4018
-6895
2335
-2084
1690
-282
7869
4094
-2389
3471
9721
-2492
3790
-5343
-817
-1460
-6470
-7642
-224
9181
-23
-1990
-7368
6882
9764
3933
-2436
-4128
-5022
7763
-8995
8276
-9689
3596
1303
5404
8833
7612
6799
1373
2128
-2171
-3059
4083
1817
-5406
6091
7627
-4050
-273
3839
-5217
8210
-604
5016
4392
-9361
6683
-7808
2044
9184
-9337
-8499
-9551
-611
-3173
2890
-3984
3294
6240
-5249
8780
7933
-9087
1261
-5609
-9631
-6946
-7792
-923
7484
6464
3483
-807
-1754
5997
-103
-3985
4904
5892
6832
-2676
-3465
-9267
-5372
-8692
2537
-9401
-8899
8432
-2250
-3940
7693
1853
-4008
-3112
7259
-4618
4786
2263
9826
5765
-5540
-3122
-8209
-2691
669
7223
-4126
-8001
6514
-4277
7561
-6688
-7192
-1381
3819
7209
-8944
-1771
1845
-3543
8984
3653
-4408
-3066
-3838
5485
-1236
5899
2974
-6419
-9573
8243
598
-6377
9012
-7656
7166
-8805
1399
-5352
-5593
3622
-9366
-7670
2214
878
8960
-9568
-5046
-5264
2163
4865
2880
-8456
-5454
4989
609
-4602
-4902
-6879
-8396
7685
-1925
8286
-2698
-4761
-6255
-9004
-572
-9415
5656
-4654
250
-6932
-1193
5010
-1320
4522
-7077
6201
-9272
5691
3778
4445
9952
-9380
-2111
6659
3140
-5962
4411
7840
-8060
803
6030
1420
-8978
4121
-8251
-419
2043
-4331
4108
-5085
4511
9080
2899
7022
2166
3682
-9826
6886
7645
9836
-8002
9043
4207
1129
-5452
2910
-2690
-8918
-8782
6700
4859
2677
7169
422
-5150
-1750
4804
8603
7932
-6205
-7948
4728
336
-2442
-5446
-1579
5574
8007
637
3946
-2487
6696
681
4574
866
-8474
-6098
-8253
-4628
-2600
-6719
-2642
6441
9666
-6667
1686
-1077
-4728
7943
818
3898
5766
8018
5756
9928
-4904
-4124
-6134
7857
4684
-7620
-296
-7968
3134
9303
-7237
4454
-8754
-2477
7161
5597
9733
-8145
-1177
3658
-9266
2522
41
6553
2732
-7068
-5378
-2793
-8933
-9962
5536
9284
-5494
-1932
-9394
3198
4377
-5805
8375
-9937
4473
-5861
-8767
6070
-2053
-4255
-9699
-3617
6542
-185
7909
-1721
-5434
9306
2400
-139
6536
-4699
-6627
9984
-9100
1801
7768
5425
3032
7198
1546
-9398
7866
-9070
41
-8502
7106
5183
-4769
-4230
997
-8952
2649
8596
-9161
-1087
8062
-669
-8781
-9500
7355
-4232
-1068
3833
2990
-7434
7267
1624
9404
-2359
-9350
-950
-3482
-4997
9611
1654
-1747
2790
9050
-8300
-3835
-6613
-5608
-8033
8331
5233
-9799
2816
1451
6110
222
-6349
-5689
8846
-4223
1635
-7940
2821
-9822
1839
-6340
-4008
-8017
-1308
8310
2896
732
6882
-2741
-6309
-6036
-9245
4998
7875
-9005
-9848
-6259
-4627
8289
8201
680
4240
-7367
5052
5548
-866
-1172
7715
-5931
-1724
-2791
7616
-1468
5019
-6490
-3217
-6831
-470
4862
3092
-181
-8750
7487
-5957
-4247
-3320
5250
3151
7876
297
8603
254
1294
973
4734
-2037
5108
-7475
-1273
-9684
784
2286
7741
-7864
6788
-239
89
7580
-2023
-6619
7716
5708
-8823
3272
6847
-1376
4358
2300
-472
-4367
-9008
-4241
2000
-2199
2029
7119
-8688
-180
84
3594
-425
7011
-1204
-9512
6599
1921
-1656
-1385
-4300
1920
-4985
3977
-8410
-2212
4105
-4647
-2257
2493
3666
-909
-4702
1486
4143
-1130
3784
8540
-1488
-6294
2043
-7439
2804
-5017
-4386
3752
5052
5133
-210
-16
5039
9320
4540
-6879
4674
-7157
940
-4603
3700
-5152
1351
-1691
-9086
-7620
2984
2524
1247
-5723
-5566
-8409
-8284
-3724
-8972
-2084
-9093
3955
7313
-1740
4101
3198
-3922
1116
3109
-5458
2141
-7427
-9965
-3266
-3988
-9434
-9229
274
-7381
-3690
4926
-9034
7207
7254
7501
-9246
8568
-6323
8766
9778
-5603
-4692
2899
-9893
5761
-8896
-6608
-9868
1552
6037
-4686
6008
-6803
-9014
-9289
4134
-1352
-7888
-5234
-1275
3339
7921
8820
-7164
-3667
-5897
8151
8771
3669
3916
-3666
3496
8003
3651
-5190
-7610
-8906
-5677
-4143
-1677
-9328
-4848
7200
-578
8897
3339
9808
1218
7074
-5216
851
-6403
3031
-8920
-4678
-7067
8254
-1950
31
2156
5853
9354
-1333
-4904
-2297
-2735
-2955
-8037
-3576
7586
3214
-995
5258
-2255
6698
-5656
7602
712
-208
-5351
9842
-7571
7899
-6098
-5317
872
6136
3665
4838
-6424
-7026
8048
-3267
-7390
-3723
7297
-180
6683
-2399
-7752
-274
7597
-3023
9037
547
-6651
5103
3982
-2342
-9754
-675
4338
2525
-4040
-2431
-6615
1933
5431
-8221
5538
6053
4251
3328
1519
4416
-8971
-5557
6602
-7093
6622
-2486
1903
1775
-9188
7336
-5243
-3962
-8008
5647
-6490
7371
-3622
-4776
-6923
-8898
4840
8409
2384
766
2991
9942
4070
9232
6227
-5364
7748
-9151
1184
4836
-1711
1081
8752
3299
-837
-2803
9958
-1965
-5659
-2546
-6145
4802
3510
-1540
6034
-5786
-3579
2299
4036
-3385
5009
2722
1072
-6020
2580
2312
3391
-2652
7716
-7562
314
-3417
9216
-8286
-6166
-3628
-6748
-3472
6867
-4813
2348
-876
-5655
1432
-5047
-297
-3539
-6642
246
-378
-4015
-1965
5826
-6211
-652
-5074
-2494
8957
-6784
-132
-7291
9198
-7195
2698
9665
2008
8349
5983
-431
-2623
4857
-4552
-5876
5751
195
-1837
-7123
-6723
-8330
7280
-6490
7735
-4759
-1626
2336
3421
4112
-2859
12
-3662
-2127
-6558
-957
-1672
6404
-7608
-4570
4559
1796
-8387
2956
6430
-1944
7221
9535
123
-7928
4598
-7398
8250
-7225
6706
2577
1349
-9241
-88
3730
3670
1702
6296
-7935
9754
-4489
3615
-5889
-3187
7355
753
5261
8494
1142
-3756
8115
-7374
-2715
-3819
6916
-1279
-587
3344
-3470
-9551
-3357
7028
3420
7442
6191
-7528
2545
-624
8671
350
9578
-9333
-1891
-3500
-1752
848
-9890
-9210
-822
-8368
5446
8938
-6968
9130
-2719
-9393
-4518
6344
-1966
73
-4684
-9816
-204
493
-5789
-1090
411
2024
-9148
5579
-8438
-8897
8677
-8944
9989
-9307
-4530
-7588
-1580
7145
493
-8110
4455
-813
-7216
-4086
2035
-5067
6362
-3751
-4144
-7905
2778
-2958
2923
1404
-4475
6764
9797
6463
5221
-9424
-3581
-4086
-1785
3230
-1275
-122
-753
-1305
2782
-7693
2523
4592
2056
6226
7327
-8171
5819
-6173
9941
6960
3723
9290
7086
2859
4648
221
1429
6085
-7143
-4365
-1334
-6969
-6389
193
3379
4588
1503
-6536
7149
-3324
-6612
-6932
-3730
5576
-8938
-934
170
-7264
5417
9129
4905
-5098
1527
3079
7546
-4173
4154
-6438
-9865
4896
2924
5239
-5337
-3916
1941
-5983
4392
4314
-3042
8627
3720
-1674
7504
3148
1801
-9850
449
-6010
1
1106
1270
-3266
-4940
-6097
-7094
-1942
9068
4782
-6036
9452
1750
7110
5860
9964
-2552
-296
3679
7390
-9244
1011
-4221
5009
-1855
7979
2257
-5789
-6700
5672
2673
-3698
2019
-26
2065
-8083
5457
-7813
-1042
2444
-7474
-3694
5369
790
6697
5121
2945
-8680
-817
6605
6918
4912
-378
545
-7314
6815
-6576
-4778
4216
8972
4091
9510
-8385
9695
-7834
-4436
-8566
-7564
7169
1366
6472
-651
7033
-7690
-1786
3828
-2160
-6258
-4686
6521
3668
9674
3285
-9514
9355
-5738
6013
6791
4360
2462
4993
7726
-3412
-4568
1700
554
6980
-6589
6532
-8074
6610
1824
-7293
-1005
-9224
-2702
-6553
-7941
5110
8509
8886
6703
-1548
8955
3995
-6346
4491
-2653
-7665
-9387
-3288
-1985
4734
751
5989
5855
-2338
-3301
8533
1949
-1045
3947
-446
305
-8187
-3462
-5315
-9585
4900
-4702
-742
-1723
-1853
1740
-7646
-4302
8926
-6935
-3236
3919
-3609
4378
-3546
6650
3159
2352
-4937
-2986
-9665
7591
2651
-4744
-9190
688
7070
-7705
3098
5958
3842
-6731
4544
-3449
9029
-8899
4986
-689
-5449
-2884
-4210
-9640
2946
6249
6519
7576
-465
-3930
4792
276
-5964
750
8033
2274
-1811
8276
-8111
-2917
-5716
-6512
6253
7632
839
-8098
7441
-7533
-5980
2746
-7430
9423
-8420
9787
2660
2792
5904
-6026
4340
8313
-7052
-6231
-5673
-9062
-1421
-832
-7124
8826
5895
3628
-4302
-3208
5196
7693
3033
1008
-4530
22
-8887
-2192
4825
256
-4374
2488
-1672
7319
-1862
6195
4469
5869
7260
-2038
2323
-1440
-2193
-2491
-9092
-801
2068
-9088
1946
7401
7447
9219
-4304
-8828
2453
-5136
7800
-4526
-7821
-7435
3435
3005
5349
-9106
-7358
-8418
-5324
-193
3474
139
2822
4795
-39
6508
6743
8670
967
-2170
4901
-5767
8204
-3285
-991
-1295
-1589
4899
-6619
-6035
7348
-3187
-6552
-4544
-1867
-876
2983
1005
6913
-8426
5276
-4557
-9567
1880
-6683
-3184
8077
-6961
668
-6044
-3918
1277
30
-6990
-2120
-2552
2104
-8293
-1191
3
8084
-3520
-8289
9756
7327
-9784
-6896
4311
8984
9427
9224
-3118
-4775
5895
4019
2542
5963
-1901
-5765
1221
-7798
-5910
-354
-4760
8050
9561
9221
-8181
9305
5137
477
-3298
7606
1328
692
-5496
4798
-6854
6125
7348
-2081
-107
-5744
-5129
-1268
-4641
-2212
400
-3194
-7485
645
-2191
4393
1680
5890
5527
-1305
-6075
886
5925
5378
-7265
1501
-6028
2634
-5151
-3494
1447
471
8152
-3527
6999
-6310
2222
1968
9146
-7970
7873
-200
8619
-6239
7666
-8815
4985
5550
-3424
-9637
-5837
4471
-9831
-160
5345
-686
12
8103
-714
242
-1075
-9329
5612
-8721
1734
-8764
4822
5388
-6690
2371
-7667
-2472
226
-5795
-732
6452
-6468
9217
-9723
-3047
7213
7533
7384
1985
1592
3003
-9968
5736
-3926
769
944
-1074
-6793
615
-5964
4941
3773
6748
8231
9329
-1448
-83
4736
8215
4122
-1396
-7919
1341
7028
-2404
1526
887
-3048
6393
-239
8360
6491
-8226
-4425
-7745
8029
3796
4894
-273
1651
4170
-1737
-2264
547
-1461
-3402
-9381
5745
-1163
4148
4796
4983
-8267
-2253
9921
4089
-905
-7593
5927
-5683
5996
-2973
6245
943
-7588
-6484
3249
2652
-3752
2562
-7204
-2760
-6034
238
-2356
5267
-2040
-2460
257
-3292
-6524
-8833
1883
5911
2970
-6605
6062
8460
1507
3222
-7824
8441
635
1050
-8991
4991
-4888
-2028
-3404
1197
7600
3517
-4873
-4913
-3126
4465
6777
-6086
-9773
672
-6547
-2057
-9114
8377
1487
4530
-2681
5387
-7702
-2458
4537
-9533
2178
-8669
-101
1286
-9040
-1251
-1328
-3949
9561
-4492
-2799
-4378
-5974
8054
-6628
-58
3024
-5329
2673
-8089
9247
7437
4058
-9239
1662
6292
-4118
9977
-7757
-9678
579
-1339
-6963
5435
-8686
-5352
3825
2461
-1686
-5377
-4333
-9381
523
7760
-8389
5659
2916
-5336
-7373
-3872
4780
-3735
-2949
-3573
9575
138
9878
-2567
-5933
8141
-2191
-2436
3120
3177
-2261
-4280
-1981
-4545
8236
-7715
-507
-3008
9420
7698
5527
3356
3604
9248
-5226
-4128
9700
6209
782
1468
8300
2481
-2231
9992
-2839
9526
2320
190
9250
-8959
7028
4719
-4697
6246
8141
3817
-9228
-6950
-2740
-8891
9559
-1931
353
-9532
3220
-8412
2016
-8515
-1173
8495
9526
-9934
6151
584
-3668
7833
3048
-6845
-7091
1830
-1317
-2323
2889
8331
5748
9141
-2435
-735
6349
-3898
989
9064
8465
6898
-4688
-1873
-1730
7063
6841
-944
8494
-9246
-6734
292
9626
-7558
-961
-3821
7238
8008
-3219
-2668
1373
-5980
-3196
-4593
-7628
-7844
-1138
963
-3922
-721
6895
7417
-2951
-3885
-4403
4915
-5893
6081
7822
1254
-999
831
7198
4554
-7836
-4823
-3584
-8013
8003
1606
6903
-9686
8848
688
4264
1670
5001
4885
-6844
3860
-9918
-7373
3838
-7417
-6260
-4190
4803
7245
-6679
3299
-3942
-6438
6077
-3136
7012
-7318
38
7855
-4670
8360
-2138
-2340
-4699
-3079
5116
3602
9275
1596
-8040
-5640
-2113
-7199
-7665
-923
-3899
5675
8426
6422
7566
-966
9383
3349
-6965
-595
7680
-5272
-2548
-1446
-20
-5645
4876
9334
1140
9534
415
-1094
5121
-6464
-1113
8552
9588
-8486
9969
-729
-8264
-1747
-3928
6806
-6262
-503
-1441
-9322
3023
4698
-855
1762
-9928
-3052
8029
3001
-5797
-6691
-1271
-6289
6387
-9083
-4684
-1330
7030
3167
9153
-6431
6870
-7135
1031
9970
1015
5349
4227
1596
-6532
8104
-778
9506
4516
9833
871
9818
2348
-2306
897
1643
-1719
7933
-9411
4839
2956
-6551
-698
-1758
5604
-3469
7084
6999
526
-1890
-5927
3776
-9521
-1292
8763
6104
6586
-2596
-1099
1014
-8146
-1458
-5148
5691
-9110
9750
-2158
-1726
-6549
6005
-424
-3571
4128
-9582
-3703
4054
7711
-1359
12
9543
-3685
3783
-8829
4753
4163
-5551
6527
-5514
8614
-7327
3039
9566
1632
-6602
-3001
-3395
9668
-9795
76
-7391
-9439
8573
-25
-7339
601
-2618
3527
588
-8326
3668
-9535
-5437
-7959
2386
2239
1467
2236
-8269
5179
3406
-6107
-9596
-1944
-6321
6909
-674
-6803
-6073
4782
7040
560
854
1690
-7894
-6126
5230
8397
-6120
-2070
-9359
3859
-1816
-2149
4465
-5972
-8141
-8358
9014
-9292
5808
-9827
2521
465
-1979
7149
4702
3820
4907
-3886
2725
-8630
6487
-4586
5064
3733
-5305
4912
9471
-7676
-3869
-8405
5107
8610
4119
3100
-3798
2015
-9018
-8791
1545
4576
6047
8371
7651
-172
-7324
279
-449
-5666
5057
-2978
7659
7175
-5390
5646
-8015
-1805
5592
-3627
7456
-8170
1612
-8966
5439
-8133
8819
-3981
5630
-1836
4046
6120
31
-2190
4038
1964
8806
-9406
-1069
-6422
4343
5674
6030
3647
9229
-9515
-4237
7471
-4767
-6906
2005
-5692
-2286
1980
3149
-1946
-3199
5934
-1932
4618
5958
-5859
-9742
2056
2020
-4758
-7553
-7640
52
3633
5885
-9057
-2332
348
-3707
8159
2240
-8950
-9085
-5143
-103
-363
2498
9730
1947
936
-5233
9073
-747
-2679
-2194
8664
3649
-2527
1661
3191
4604
-8112
-5265
4746
3934
-8551
2090
-9115
-7669
-8390
-9050
9047
6336
1180
8656
-4475
4310
27
2857
916
6588
-4556
3511
-3639
-5504
5253
-4130
8026
-6851
2490
4589
6562
3771
8772
-1437
9374
3038
-1983
-3270
7412
-7537
-4386
5340
6755
-1891
7862
3870
-4958
-9768
-8256
-5754
1246
-2672
1643
865
-738
-4333
6977
3164
-8482
8395
-5059
9242
-6133
8398
-3305
-2697
-5226
3148
884
267
-601
7158
-9004
-2406
6654
8479
-6531
6942
7489
-926
4147
3716
8897
-8822
3590
-1841
-5052
6963
4711
2812
-5929
4125
3365
4343
-5186
9638
-7362
9401
-6011
8871
7510
-981
3226
9128
-9662
3846
-7929
-8956
-713
2585
6617
3829
-6679
-2747
9721
-8297
4583
258
734
-4562
-4390
-2062
4190
-5376
-6492
2609
6022
-2229
-1393
-2307
431
7245
6060
-9206
-7858
5698
1158
-8043
-6688
2731
155
-9220
-5677
-5376
-8615
7519
9304
-7637
-2580
6138
-159
-3395
-3489
4679
3743
5914
-6454
1602
8362
7096
7469
-9568
-4124
2691
-4165
2245
-6934
-1675
3875
-17
-2594
-9527
-7
1803
5573
138
-8337
-4693
-8367
-1460
202
5256
2532
348
-146
4867
-7947
-5142
-8451
-6663
9533
3750
5164
-816
4383
5343
8903
-8068
-1045
-7083
-7142
5443
-808
2168
5165
-4946
2504
4921
-4043
299
2311
-6469
-8697
-4893
6150
7243
2437
-6921
991
7971
1861
132
5380
-2723
-9087
-5396
-1026
8449
-4407
6018
-9433
7748
3244
-671
-2357
2405
-8115
-5303
2427
-8285
5480
-724
9618
-3720
2790
-1279
-9255
-4622
-2821
7682
-5941
-4363
-9995
-3167
3679
7046
2853
-6383
4871
-3826
-7279
7923
2550
-232
-3398
6834
-1976
616
4426
30
-5494
-51
-9561
-241
-1695
619
4944
-7001
-7778
9316
-4616
-735
-5781
-3344
-6185
-7543
1773
2660
-9890
4240
1813
2287
7354
-3877
4352
-9817
-8470
7532
-8732
7093
-1858
5203
8918
-4656
5903
-355
-432
-1010
7242
4876
-1180
1109
605
9306
1820
55
-2095
-7082
9299
2152
3126
8802
-283
7377
-1757
7838
-3266
-9692
5383
-533
-3991
-7678
-3318
-5280
-8751
-9416
6060
7873
-2426
-2694
-5135
1197
-4060
4534
-8745
-1364
9559
2752
-3944
-801
6059
197
1840
6821
5220
8865
-6465
2658
5346
9740
8877
-7203
-3207
360
748
5283
-7546
3246
724
-163
9799
5621
4726
-974
4269
-8506
-792
-3427
7159
7737
7664
-7409
-5189
-5285
-9645
-8737
7639
-3742
6719
-620
-2326
-1659
7963
-4945
-7966
1464
-6374
6911
5177
-2442
-7953
1849
-7986
-5924
-317
-9089
-2273
3750
-2115
-1793
-7423
-3463
-5004
-1338
-785
9010
-8200
4704
4459
4078
-5998
2185
250
-7600
4102
-8941
1437
9272
6710
-5076
-6187
-6114
-4333
-6821
-3350
4790
-1903
-6394
5508
-7561
6213
233
-9312
4577
-2736
9810
3225
-2737
-6739
9685
9364
-7134
-5191
1677
4113
-7965
-7433
-8356
6958
4805
-3641
6373
-3704
-8050
726
-7356
645
311
-6795
-4658
9893
-1744
-3948
1297
-4247
-7002
-4272
4601
-9377
-7691
-316
-1082
-115
7738
-6459
267
8006
-5388
1194
7563
-753
-8304
3199
-757
-6020
5939
-1912
8280
-6437
2696
-9776
731
-425
-3204
-8925
-8430
7074
-6975
2709
-4252
-3061
-294
8116
8402
3150
2257
8519
1716
-5047
1112
-9006
-1092
9524
8333
-6734
-139
-8692
535
3411
6355
-5569
3682
-5241
-1959
-6735
-5437
-6534
-7160
-6176
6710
-9312
4826
9587
9911
-8432
4310
149
-7424
6678
-4657
-204
-2834
8262
-9935
2663
-1155
-9641
7588
-3325
1240
4402
-9368
-9292
-2228
7798
-4996
-8764
-2667
-4121
4673
-2496
-4973
-1342
-8530
-3188
-8344
4829
-3807
661
-6642
9886
-3334
9687
-3283
7769
-3447
3699
-1586
7499
1627
-192
7141
9442
8646
-2911
6214
-4529
2531
3738
-9890
-4090
7928
7249
-3215
5959
3108
-1930
9784
9294
-9566
1597
-5479
3042
4508
7796
9079
-4199
4936
-2118
1592
3332
1057
2421
-3267
4355
6498
-326
-7077
7703
3080
1909
3590
2763
9137
-6369
4853
3280
9346
-2183
6935
-3732
1953
-2505
-6487
9399
-7302
-1515
-9885
5295
5854
-3440
-8228
-1686
2394
2498
4040
1060
-1505
-6915
2450
-9682
785
-502
-4697
-8328
2007
-7779
-8869
-9132
6357
-3589
-5807
-8218
8410
-5478
-8118
4059
2970
2710
7324
-9373
7756
172
-754
9623
1537
-2465
8952
6974
5106
1257
9289
8548
-4192
2197
-3839
-5610
-5106
3771
120
3128
9988
8299
711
-7640
-2678
7384
4925
-9525
7629
4212
-6693
-147
-1978
-4183
-112
-5071
-219
-6973
5354
9884
-440
-8443
-1136
9760
-1071
-3176
-4386
8856
6869
-8454
-1320
-8414
-1816
8259
1822
-8169
2262
-5666
-2881
-2249
181
-681
-8831
-4012
-8420
6992
-2903
-5694
9520
-1917
-1561
-66
4777
-6346
4841
-3794
-8856
-4427
3469
-1656
4332
5110
-272
6743
-1576
6260
-7762
9435
-1058
-2605
-6921
5179
-8806
-2711
-8954
-8185
-6648
5198
-6252
-7190
-3186
1591
-125
-7543
-9281
-5933
-2175
7107
1983
1129
-9421
-4115
3732
-550
9079
-2825
-1346
-9851
-3315
1862
425
-2666
38
-5148
786
-9817
5667
-4218
-5527
7424
2835
914
-6832
2912
8710
1268
6825
9669
5578
-3032
-4936
-6754
9592
8345
5022
2110
6699
3637
-6793
-6579
5159
5748
-8695
1649
-4447
9781
8922
-4866
-311
741
5606
-8003
3200
-6190
-5855
418
5962
-2552
-594
4355
9824
1188
3121
-9542
-4015
1059
-9243
-2427
-2767
5870
8768
-4118
1312
3629
9622
9954
-4402
2966
6247
-244
4793
-3079
-1113
2120
-5389
-6620
-4668
832
-9891
5392
-2417
5449
-1640
-6021
-2933
9069
-9188
6598
-6563
280
875
4681
6497
8387
-5548
-5177
-8266
-5620
-8531
-9066
3505
-7298
5579
-6661
8481
1287
5303
-7583
4651
-5465
-546
-2091
-329
-9495
-9575
7215
1265
4690
-4266
-8163
9739
5595
-9755
-7735
-3659
4174
-6386
392
8918
-8133
-6569
9400
633
-2772
5790
-1879
7714
4795
3218
-4686
-3796
-3105
9923
-7177
-8477
6363
3444
-5877
2840
-8995
-4394
8804
9549
6495
5608
-5780
2154
3313
6229
3184
7038
7083
384
-5393
2780
-315
2197
6136
2591
300
6252
-9332
-5990
-8364
-970
3405
5530
-2320
-1221
8085
3497
-1935
-1065
-1294
5744
-2333
799
-5142
-5898
-8783
-6643
1990
8235
-7926
-5366
-2101
-2252
-1965
-1670
-9652
8640
-1142
-392
828
5059
3467
-3395
1515
-8169
5365
4439
2815
-1038
-9031
-1094
-2387
-3609
-988
-2892
9685
-3841
-756
9169
9898
-980
7413
-1861
-8595
-5635
792
-2324
72
-1346
6169
7289
-2500
6393
-6110
5648
3473
9244
3056
1346
-1418
4608
5452
8067
6138
5525
-4378
-9376
-8491
-918
-4102
-71
-9049
5539
-2042
5947
-4108
2023
2039
8791
5154
-3143
-4626
7836
3615
-4510
2821
-7542
8740
-5687
6738
-4211
-4382
-3582
9589
-5958
-4741
-961
8500
-7123
6169
948
-7985
-248
351
-9646
571
-1446
-209
3459
-3575
-9135
-8690
-5395
2531
-1193
1514
-785
9471
8151
2883
1068
7634
-7565
8520
6211
6363
-6668
-2437
1245
-3695
8307
-5163
6675
-5864
8019
212
-2576
4983
2098
6359
-6714
-7888
-3007
-7263
1614
9819
2526
1826
-4985
-4088
5776
-4023
-4938
-8729
-9145
205
-1312
-1744
-7188
-8631
-6627
5826
-6051
896
-8995
-6761
-1858
-3013
-9970
-2855
7559
-1744
-8681
385
6411
-8621
8601
-5117
-4514
-462
7881
9179
3458
3730
-3251
2493
4212
-6301
-8289
4959
328
9740
5518
-5370
380
-8388
-6316
5420
-7464
4836
9088
-2540
-1005
-2028
-74
-6629
9723
-4081
-3213
-5896
-9787
703
-2337
3178
6403
9710
1834
-5098
5120
-5359
9381
-4954
-8093
1603
-7121
-9603
6619
1337
3028
5290
866
5293
-2336
-6797
-3699
-1232
-2958
-1263
5584
-8124
3077
1080
8740
6794
-7240
3149
46
114
4831
9151
-8964
3883
3629
-1298
3017
2324
7624
2113
-7252
1996
-1501
-8639
-6320
9219
7861
8743
-3338
6788
-1717
5288
7626
8239
9526
6680
3294
9999
-1692
472
-8619
-8673
9662
9641
4919
-9459
3943
-4593
6910
-4956
-968
5337
-7578
724
-1927
621
-2068
866
8480
6290
-7776
3670
7239
9617
9850
5834
9319
32
-8956
5661
-7280
3999
8878
4376
-4689
-5179
-8128
-617
-963
-2969
-5747
-1426
-6914
-5161
8684
-6010
5730
3256
5160
2316
-2302
-5233
5512
-1956
-6100
7987
2813
6191
-6534
-5445
4817
1520
4979
4141
3385
-2116
-9766
7657
9166
-3477
-6752
9025
-4758
-4200
1362
-6311
7851
7182
-4571
6748
9391
8859
6280
4728
-6324
2994
-387
-6028
-7821
-7529
3494
4233
-5689
1205
5756
7720
200
705
-9464
-8423
6371
-4903
-9289
9653
4598
-1517
2081
-2173
423
902
-435
-5015
8512
-5488
5015
2533
8576
4650
5252
-5581
-2785
-9764
-7174
-2096
3271
-4535
9179
9638
1660
7017
822
-1428
-5591
934
4998
-4614
-2447
8267
-5603
-5133
9232
-27
-1229
503
7773
-6594
-1125
916
2843
-9409
-105
1014
-3672
-6164
8418
-59
2261
2882
4807
2983
-8346
4910
-8586
6232
7737
1229
7829
-9678
-7258
-5818
7732
-6162
1718
7838
-3981
4509
-5025
7327
-8164
7697
2553
5345
9290
-9813
-7070
-4718
-5677
3588
3023
-5100
5300
9009
-4220
8471
2951
8608
-1639
-1228
-1562
4104
9391
-6115
-4777
3530
7175
4932
-4619
9189
-1386
8117
4985
-81
4221
-9003
-3049
3029
762
-4469
4606
-5575
6717
-9573
-9008
-2585
3545
1809
1243
-1772
1660
-2049
3820
2488
-2948
4329
1508
5506
-9976
5410
1780
3704
-9565
-3271
6023
-6627
-262
-4300
6824
9892
3376
5905
5689
-1785
2268
-2206
922
-2718
-3126
-3161
-5565
4832
-2618
-1113
-2317
8647
1830
-314
7419
9082
8970
9878
-7925
5808
-5141
-1011
4900
-2624
1261
-7102
1030
3496
5204
2568
-8884
6457
5551
-321
4458
9130
-2655
-6063
3230
-2966
-3264
-1656
9074
9678
3077
8353
4630
2927
160
-6795
-8410
9827
-5112
8863
-893
-9402
-2958
-2483
-3246
5820
-6851
8799
3628
898
8375
4076
-8451
1811
-7063
2458
-3154
5503
4251
-9051
8413
9765
7717
-3636
-7589
4549
-5538
6106
-8879
-9953
-4207
-4778
6532
-4687
-9826
7248
5441
-2632
-3474
4504
-6956
-4860
-461
-4203
-2412
7784
9359
5133
2890
2796
6863
-5766
459
-894
5757
2506
-5543
-5667
3582
1149
3875
-2272
-314
-8972
-5209
1869
-7072
6972
1292
-3384
3024
-1808
-5683
-2762
2394
-7816
5740
-8650
-958
-4575
9508
-1404
137
8104
-8729
6380
-7593
7685
-4399
9858
-6140
4000
2541
3256
-1192
-5544
-1652
-6796
-6304
56
7252
-8633
-2728
7936
-9986
-8402
-6547
378
2160
2354
-6716
6096
802
3267
5128
-1916
4565
9859
8318
-2698
-6222
-6756
-7743
-6924
-2047
-4284
3496
4283
-5162
3760
6678
1399
-7212
1992
-9318
-3307
-7506
-2106
-8973
5290
1571
2463
-1351
-8691
8998
4391
6668
2807
2657
748
-1828
-1199
-5706
-72
2155
4116
-3823
-6174
-8743
-4375
-2137
-6643
-2250
-2582
5402
-2077
-5445
-1354
-1328
5927
7981
-5481
-6908
7806
9957
-6272
2239
1810
-9384
-2089
3164
-1897
-393
-5979
-4186
-3516
6084
-5676
8280
1426
-1409
7698
4845
-1186
-4520
4084
-3947
9086
-7882
8403
3630
-6984
-105
-657
4713
-2172
1512
9948
-785
9788
-4605
-9956
7363
4805
5093
-5279
-8566
9928
2563
4929
-1501
7834
9140
2876
9420
-4783
710
-56
2861
-5645
-395
4841
-3831
1855
-447
8457
9371
9905
6827
-4221
1259
8139
-6458
-2866
9826
9430
-3995
-4782
-4979
6836
1162
7770
6116
-4726
5879
-7883
2587
-42
-9282
6033
-6675
-5000
-239
-4709
5342
-3425
-6690
-8190
216
1651
-4552
-2557
3211
9459
-4893
2755
-5752
-3018
74
-7932
-2079
609
-4830
-7278
-6413
2960
4203
-6193
7394
2608
-8245
8795
2396
3478
7199
-6059
7814
1703
-7771
6055
-8523
-682
-9932
8931
683
-3165
5540
1168
4686
8010
-9290
275
3783
-8532
5965
-6872
5942
8303
-7025
2757
8789
7110
-331
-2101
1489
-3204
4835
-3367
3311
-3642
-1934
-7736
1364
-2798
8856
2431
1088
-8519
-6659
8810
6367
213
7573
9424
6187
-9832
6124
-9155
-6727
-1030
-9929
3660
63
3797
-4709
-9332
-4028
-4495
-3204
4331
-2482
8933
4534
-5451
4666
7176
-5927
5643
-1941
-2522
-1121
-9765
9110
7431
-7339
1072
17
3550
-5033
5116
-7472
-8063
5160
3313
3565
314
8372
-1679
-8006
-8649
-5968
5708
-6037
5498
-9202
4388
-3956
7747
-9392
-1459
6093
4021
-8890
4242
-148
4904
-364
808
5312
9910
455
-2385
6241
-5232
3266
-6692
-2124
-136
-9840
-1048
9947
-8229
-1943
2441
9216
-3617
6708
-3812
-3
3078
8441
9788
8022
1095
4404
-9750
-3711
7572
-5352
-239
-4208
9753
-9932
-2146
-8393
7579
-7425
9101
-9961
8727
1428
3096
7926
1034
-1592
213
3023
5204
-3414
-3977
9445
-1200
-5629
-9329
6417
-8649
1312
7270
8614
9154
2191
-4464
-2091
-8885
-9400
2690
-4060
770
-9131
7956
439
4061
6350
1081
-9783
6326
-8733
-8458
-6643
9526
-5144
-6111
893
-9432
-5965
-6527
-3187
4722
3049
5964
1300
9709
9815
1142
6673
-3479
3336
9035
2651
3300
6574
9462
146
-7304
-1072
790
482
8350
763
6801
3406
3692
2504
-7321
-2383
4263
2652
7282
8578
7276
1079
5309
-2690
-3562
3155
9260
8258
-1003
-3882
7037
-2479
-6651
2466
1618
-9821
5331
2920
-8407
-505
5752
7341
-6177
-8024
-8850
-8468
-1039
668
2453
-8855
-1551
-2644
3095
-6936
3559
-3049
5129
-124
6378
-6500
3694
2710
8106
-8845
-5922
8437
5128
-5301
-370
-5096
-5174
726
-7562
9683
-8551
-8850
-8571
-3187
-4491
-3129
-7809
-130
4892
1935
4793
-6018
-8484
-1294
-3282
8572
-3786
7760
-4684
-8375
5528
7776
-5412
3233
-1447
-9695
9142
-6799
4255
-3566
7373
6957
3805
3643
-8166
2947
7418
5352
2685
-1129
-5694
-5445
9861
-5426
2531
9480
-5667
-2486
2624
-1537
229
-1123
7462
-4541
978
3422
-4462
-4018
-7350
6960
1262
1920
5119
4406
-2423
-1303
-6691
1976
41
-4408
7767
169
-6219
-8612
-9131
209
-3124
-1287
7255
2038
-4542
7460
-6001
-3180
9802
2570
-525
6154
-426
-8912
8989
8926
-4869
9905
-8778
1037
8179
6391
-5957
-8252
9273
8852
4041
9485
3164
4357
6298
-8491
7679
-6850
6423
6598
9597
3792
-9854
4457
6205
-5657
5673
9639
-1193
7776
-6429
9007
-9624
2718
7982
-846
3804
-7118
-6943
1676
9743
-9590
1305
-9930
-9119
903
1731
5990
185
3563
999
427
-2484
-7005
-5988
-9624
4202
-4370
3997
-5198
9917
1871
-5584
283
-8464
-630
9203
-7288
6839
1527
6440
2842
6230
354
-9117
5934
7890
-3861
8490
-2976
-5906
-2425
-5513
7538
8192
3968
-9965
6826
-1434
1336
4951
8512
-7378
-1466
-8035
2615
7848
-4660
-6700
-7364
-3452
-471
6980
-4227
8388
3835
-9883
-3643
-7976
-2384
9123
6918
-7197
4412
-9622
-5610
771
8929
2504
3677
8017
7919
-7659
8754
7161
-9375
-9084
-1581
6745
7630
169
-8249
-6771
2386
-3872
-8589
470
-624
4638
-4577
1579
-5933
5238
-661
-1543
8055
-180
-2575
-4432
-3617
-8392
6688
3437
-6578
871
9499
-8651
-6306
-3504
5262
2532
-3
-6984
65
-4293
-2752
869
2405
9599
-2732
-2037
7787
7842
9074
-8604
-9679
739
7499
5206
8467
-1149
7167
4570
-7422
7406
4242
-2130
8761
5476
7874
1450
-2384
-8558
1527
-5972
5226
-2826
1853
-6645
3291
2581
-1804
-4216
311
-9715
-7233
-4192
-8624
-3910
-3759
762
1149
-7033
2954
1982
9809
355
9296
-567
6709
932
6992
4230
-8791
2529
4054
4849
-9715
9871
6235
-7945
-4992
-2026
6706
-2513
2028
-9160
-185
-6126
-8581
7371
-9157
-8567
-806
8172
9793
-5795
-2193
-5862
9893
3129
-956
6273
-1958
-3025
6595
-8237
3291
7803
-2166
-7899
6556
5141
-3240
-1413
-5766
-8723
-726
-8719
-2229
3876
6346
5357
-1844
3517
3915
-4552
-3818
4963
6943
7422
-6685
7240
-9301
4959
-1057
-9851
-5516
-6804
-4343
7820
167
9503
3886
-4959
3132
3481
7872
1326
4896
7405
-1709
-9007
5477
