3542
1544
1368
-1748
-1208
-4796
666
-1091
-776
-4353
-165
3425
-4144
-305
4530
-2403
-4769
-4787
679
2824
-2189
3817
-4271
-2125
1501
573
1816
4799
-909
3735
-3111
1147
615
4500
4117
-1083
732
-637
2959
1444
-2552
4984
1423
1100
-4739
-3401
-203
-2308
3865
-4565
2038
2076
4896
1075
4649
-3053
4397
20
-2368
-4955
2034
1821
2093
-3312
3083
3572
-3712
2018
-3842
1784
-2588
-1303
-1879
3179
2401
-4729
-1440
3477
-68
-3797
-2399
2198
2431
3020
-2264
3558
-1171
-2353
3662
-3875
1605
2656
2891
346
2464
132
2528
-1935
555
4777
516
1468
3731
3681
-1500
899
-3210
4003
3303
-781
1541
47
-532
288
1524
-2593
-4426
4671
2370
1725
2380
392
-2013
2776
-3344
-1203
4687
-1248
1740
-4750
-4506
-4110
-2985
450
-3618
-4648
4069
-2426
-2269
4326
4937
-1214
-2049
4949
-1205
-4331
1933
1650
1027
-73
2318
-2993
2140
1947
4639
-1784
3889
-1866
866
524
-1259
-2918
4906
-146
-14
-58
4777
1356
-1478
-178
3423
2565
-3554
-2669
-1958
3533
-1380
-114
631
4421
2577
2144
298
4126
4889
-217
1884
4240
-2246
1838
1654
-231
2536
-3933
-4851
858
1907
-4680
613
-3393
1788
-1561
1196
-1900
4703
4889
57
-3035
3859
-3711
-4557
-1779
-3098
-4868
-3694
-1618
1082
-2924
3923
848
-2137
-4223
281
2466
3035
-2733
-4497
2116
2435
-1949
4356
-1812
-824
4410
-3835
3117
-1037
2854
4627
-69
-4665
651
-1356
4857
2453
-751
-908
2015
-127
-353
2390
390
-3361
-1187
-1492
705
-467
-3528
-3521
3945
2854
129
-3033
930
-1599
-1733
2232
255
3806
-2324
3933
4898
-1506
4470
-3792
-3619
-2720
4612
-4351
3112
2765
-2593
-4058
-1381
3850
-526
662
-4232
-2183
1170
-161
-282
-4421
-2654
2313
-4497
3798
471
2015
1012
-763
-854
1266
2008
-331
4345
4921
-2065
3043
2355
-845
-3499
-1515
-2635
-1526
-4326
1172
-175
-3900
-1798
3402
-2320
-120
811
1093
-3253
228
-2424
-474
-1192
-458
-2064
1227
-2632
-4497
180
-4263
1481
2414
2538
-3825
4195
-2017
-545
-4542
427
762
-1256
4503
-2336
-2219
-2890
-4311
-1077
3397
3041
-1693
-1476
-2342
3875
-883
-2912
4131
1142
3534
1040
-3105
-1700
789
-3807
-2739
2945
-4267
-2285
-158
-4878
2143
-735
-4001
-4067
-920
-169
-1491
-905
48
-3735
-3807
-1885
4957
3790
3586
3899
2667
-3306
457
1347
241
-1988
4056
2126
2079
2594
125
-3155
3813
-534
-3814
4173
442
2097
-1642
-935
-4857
-343
515
-2799
3306
706
-416
2727
844
-2068
1163
280
-962
-993
4898
-1809
2175
-4586
-3331
-3449
-885
4195
-2238
4556
-1230
-555
-742
-450
-213
4914
246
-4560
-3790
-4503
-1019
-4695
-3439
-717
400
2524
-793
-963
3718
-1652
4552
4932
-857
2200
-2860
3293
-3470
-2992
-1479
3806
4653
-205
2424
3665
2225
1143
-3952
3796
-1992
4700
-4797
-1685
781
2558
-2829
797
1194
-4594
4412
117
-2846
-874
3903
-4560
2024
-981
1613
3644
3107
-1119
2461
4120
3528
1991
-4326
1312
-1411
-862
-2174
-193
2659
-345
4622
4776
644
-4414
2177
938
2270
-3555
1058
457
3400
-3034
-4545
-4885
3070
-3162
-798
-2732
-2066
903
4878
2583
2966
1625
3755
-1186
-4818
-1946
4047
-4775
-1006
4650
-2369
653
3689
1668
1140
176
4824
-798
-2108
2702
-2398
-1910
3007
-881
-4728
166
-4546
-3791
2400
-455
3952
-2593
1391
-1261
77
337
3342
-1858
1546
-2755
-4870
3887
1689
3331
-2746
-4538
-1783
936
2427
4482
839
-1567
1634
-2941
4802
-3790
2025
4768
-751
3669
-2311
-4143
-4477
-1612
4206
-3307
3185
3675
-3448
3044
-2471
-630
-688
-492
3404
-4367
3693
4903
2855
-3633
-829
3988
-2018
2152
4626
4128
676
2935
2968
-4306
-624
-4826
1110
-1536
-145
-276
-4116
251
-3338
-1140
-2129
-2370
-4535
-2405
-1580
-1299
-813
3112
1320
4993
-1520
-2468
-1700
-1978
4805
-563
4240
1695
2517
874
1898
-4718
-1968
2509
-3430
-399
4714
-2418
1035
-329
4971
-2477
-1183
-3274
1091
-1410
1494
-4038
4976
-4340
1158
-2704
-4570
2234
3049
-3548
-242
-426
496
3415
-1983
1519
4567
-4845
383
-960
-1
267
234
751
-4842
948
-2472
-3708
-3534
-859
-2
-110
-1054
2537
-4453
3852
3628
-3931
-788
-2594
1264
-2789
291
3387
1671
-3901
4734
1094
1411
1813
2910
-971
-2831
10
-4780
-2551
4933
-3976
905
-2285
581
-454
1099
4161
2382
986
4534
682
-2079
-2919
-2389
-914
3175
-4241
2053
1897
1736
1051
-500
2096
-4890
-3806
2187
-165
3584
1148
-219
-2877
-2117
-4497
-1224
-2128
2048
4788
68
2636
2405
-2895
-2787
-760
-3784
-2151
-2975
-45
-2165
4422
3027
-3868
4883
64
3653
4679
-1634
-1153
-1010
2157
-4442
-1064
-2687
4048
-634
-1646
2384
-2781
1819
-4985
-4608
-4958
2592
4246
808
4532
-2050
-879
-3203
-2648
2429
-4102
-1056
2025
-1705
-4889
-1504
2707
-2228
-3136
702
-3636
-1842
-1570
-2573
3848
804
-31
693
-2933
-2858
-1919
-1219
2160
-2319
4234
-2767
207
-2163
-4134
-3193
-3046
1090
-3450
3532
-4569
-3313
3508
-3383
4587
2470
-2866
-2827
-46
-3271
-3919
4071
-2499
-3084
4980
2454
43
-2654
4666
804
942
3728
-1026
2411
4656
-4881
-4345
-4887
874
3498
3525
-2192
-2222
2403
-2519
-4220
239
-411
4227
3679
3663
3761
-4989
1285
-2527
1263
-113
4724
1016
2393
687
1667
4808
-2195
4574
-498
-3495
3591
2908
1958
-3087
461
-4942
-1418
-2368
-4258
-2282
-2460
2807
2850
3259
3705
-4422
-3473
-2743
-1194
907
-2602
-3133
4413
-403
-2407
-1092
4406
256
-866
-382
170
1879
-2806
-4359
-1104
2340
-1757
3428
1163
-1041
-2447
4091
-2729
190
-4099
2334
-2206
-759
-2059
-739
-1712
947
3916
-794
-3210
1848
-4437
-325
-1539
2414
4494
-1350
330
2902
2411
-4010
867
4686
-4536
1603
4731
-4611
-2713
-3935
-4473
4806
-4284
2576
-1951
4958
1702
4056
-4126
2202
3712
55
-2445
-425
1820
4660
988
1334
-216
1642
-4362
225
-31
-409
-3008
2844
-2936
1737
-3914
701
-2654
1092
2809
2753
-1493
2389
-3409
2090
4171
3945
-740
-3305
2954
-1274
-1619
-336
465
-4249
-4187
2899
-3988
-2143
1062
4728
-1749
2684
-1808
4990
2039
-2676
-977
2925
3525
2617
2421
1445
2007
2298
651
2501
1564
-3119
-3222
4451
3922
-124
-6
-4056
2156
-3605
-3146
1338
4678
-294
-1870
4554
3202
3299
4080
-1050
1926
4840
3648
483
-4860
4147
-3716
2925
-2953
-4536
-2760
509
-2659
-2547
-4290
3616
-3410
4899
-3358
3083
-4217
-3412
359
2959
406
-3612
-2773
-4880
-638
479
-1853
4307
3090
4976
-2350
4189
-2081
-2990
-340
-1451
3649
-534
-1228
2389
-1864
-499
-1092
-2324
-4226
-3199
-565
3726
-3495
1926
-1315
-2472
-2262
-1534
1265
-3417
1381
-1128
638
4831
-512
2350
-896
2688
1818
1184
-329
1644
-4439
-2469
-4293
-62
-3400
-1200
4470
-4268
2332
-2317
-1231
1212
-3663
155
3388
1299
4664
-1627
1643
3647
-807
1050
4209
2338
-1240
2819
-4259
1530
-238
2510
-201
-855
-4699
3727
2070
-3905
-3391
3323
3633
-4018
-3145
1706
4454
1312
-1607
3380
2727
-1509
2835
-2895
-4992
-3356
-2003
-1495
-696
4718
-1781
2025
-4185
-4893
1051
-1953
2273
2207
2341
3175
-3558
3142
580
-2118
-3739
312
793
367
4966
-2529
1647
1784
2403
2134
3936
-193
-2033
-4348
2427
4020
-4808
3731
2734
-2938
-4223
-1946
2544
4932
-4775
2306
-2941
1289
4501
1728
4411
4330
917
4370
-4156
2015
-2786
-1828
-3452
-53
-1845
-2327
-1099
88
4250
-1505
1109
2536
-3560
-3473
-978
2994
-4152
3829
3342
2749
2823
-1146
-1812
2048
4448
3225
-4221
3387
-1697
2935
2781
-2906
-1234
-2774
-3469
-3837
-4732
3989
2976
4220
-1837
4342
4354
538
3097
4568
872
4214
-4574
-3962
-3539
-1372
741
4215
2581
-2237
-2638
-2045
4011
-3514
2274
1991
1163
1286
-3407
1755
-1486
2976
4553
146
4433
-2033
4112
4919
1449
-3819
-144
-2083
3516
3797
-871
-2236
-1876
-361
2411
3099
-800
243
1617
-1419
-975
3547
-857
-3925
2321
-3186
-1538
1155
-23
102
-3455
3053
4016
-1255
-83
4197
-3887
-1181
4669
-3114
2928
757
-4960
-3985
1376
-3831
3105
-2569
-4630
1939
-1579
2994
-1133
1479
1482
4381
-3250
-2721
3551
-1803
3638
1311
3211
2588
3775
-455
578
2169
685
22
-4603
2860
-856
4106
4105
-4107
-4239
3711
4924
-398
-2188
-2240
4776
3276
-118
-3594
-1973
305
-500
723
4370
-3307
-165
-4665
272
-4193
-492
-707
-4136
-152
-3468
3601
-3504
2595
606
2907
1775
4408
-3103
4301
2464
976
4281
-2395
4832
-2322
2259
-3632
-3232
-3964
-1276
-1109
604
-2925
-4113
-4012
-4446
1390
-3677
4853
3770
3222
4354
4855
-2979
2986
2877
3375
-2312
-2982
-1058
-2943
-2083
2890
3967
-1874
-1919
2271
990
3059
2946
-658
3331
-4998
-1108
-1280
-2593
-3756
747
1759
910
2721
4725
64
3385
2437
-1121
-2311
4246
1379
4236
-1848
-179
4945
-862
2891
4653
4110
383
-4787
-2782
1938
-848
3550
2324
-3988
-2498
3130
4440
-1329
1273
1158
-1835
68
2469
-900
-3744
1177
-2593
-2086
-3789
-1573
1759
-3672
884
-3623
1279
-3771
4979
-4073
-3759
192
-2851
8
2789
666
1672
-3144
3638
495
4033
1428
3017
-4286
655
-3445
-830
-3306
-81
-1870
-183
-3608
3308
-741
391
-135
1596
-4599
-3978
-1162
-1249
-2713
-480
-1431
-3190
-1044
2039
-3527
3593
-2988
-3385
-3513
3703
3022
-1744
-1034
1435
-1584
-3789
1713
2639
3215
-3122
1830
-2142
958
-4729
1070
-2095
-4047
-4293
3564
3185
-970
3655
2669
3854
-852
4223
-1955
-3587
3641
-1178
2606
-1151
-2895
2355
1608
385
934
4950
-2422
-4966
2648
3483
-2052
-2155
2034
1227
4823
-4568
3102
-3940
-4060
-496
-287
4273
-4180
-1868
1802
-2259
-2634
1798
4878
4352
-624
1115
-817
88
2688
-1503
3906
-2817
3533
4112
-4496
-3995
-345
-2497
1769
3994
-3505
1602
2584
-4958
-665
4169
-3761
3244
-1175
3641
518
-2581
-3433
4738
3880
2118
-475
1412
-989
-4779
4254
3203
-2565
2671
3746
2965
3159
4945
-2435
-4643
1915
3715
-4800
-2124
3426
-2516
242
-866
-4137
861
-1115
-4702
-2558
4099
-1197
3369
2874
348
-4207
371
4097
3337
4105
3843
-60
-1167
-1180
-3395
4353
2798
4106
-1546
-1519
-1849
-295
-1662
3354
2611
4919
-1097
1038
-2686
-3458
3722
3955
-1885
3052
-260
1509
-463
-4102
2038
4903
2996
2748
2911
-174
-494
-4336
3536
272
2124
3434
1912
2035
-1464
1596
1264
2519
2768
4435
873
2808
4470
-113
3800
2745
-1743
-242
-2498
2275
1298
-500
-20
694
4599
4551
-4706
969
317
-1759
2072
3655
2483
-2614
-237
3820
-1505
347
-4420
-1584
-3590
-4875
-2007
-2431
3828
-6
938
1095
-2081
4637
2791
4988
4697
1159
-1417
2336
-4619
-4585
4271
-4052
-296
-4389
1706
-1221
-2482
-4285
-1616
3188
-2968
-3375
-4827
4452
-2751
726
-1584
-674
-4448
-4793
1551
847
-4837
1940
-2342
-1853
3612
1776
-3568
-2086
3056
3517
-3085
-1630
-2274
-822
2118
2874
-4675
3325
333
1048
2982
4965
-477
-2252
-4248
194
-67
1149
-3334
-849
781
1400
-4567
1186
-1065
1096
-1585
3045
-1242
519
-1222
-2089
-2660
-1311
-734
2039
-287
2050
-1053
-2526
1736
-3726
1175
1437
1895
1587
3838
-653
598
3459
-201
3864
3416
2635
4569
3505
-4270
-3928
-1159
4157
-2520
-2759
-3619
-2914
4668
-1728
-1715
-2389
-2500
-1556
-4549
-3833
-3279
3543
3460
-2717
-3455
856
1933
-3472
-311
3368
2367
-4603
-800
-2885
-171
1582
-2034
3939
-1830
1487
-1844
-1588
2606
-3613
-1227
1525
-2731
879
-4096
2372
3421
-3433
4136
108
-4295
787
3610
1548
-897
2928
-2883
-4507
3271
4780
-3387
2259
-4887
-4264
3275
-447
3603
617
-577
1181
-1300
4634
4556
-2898
3180
1870
4603
-1179
-4490
134
703
-1019
4163
-4120
-2838
-4037
658
3727
-2248
4884
-2471
3615
-2808
1150
-1464
95
-4514
-2652
-4808
-3243
-1554
3459
-3539
-1156
224
-2792
-709
-367
454
-449
-3915
-2919
559
517
-2314
-1788
4578
3756
4715
-4673
-437
31
1027
-4004
1167
2384
1828
-1369
-3347
-2742
2940
1967
-4737
-4860
3164
-166
2281
-1597
-2065
1364
-2930
-2997
-2360
2255
2680
4056
-608
-442
-3542
-2188
-1044
3946
523
-4143
2835
-736
3498
3629
-2009
-3527
-1000
1361
-4290
3488
198
4176
1034
688
4521
4721
-1180
3700
2597
746
-3074
4667
-4319
-3663
-403
-3902
1594
3077
635
-2178
-2463
2155
-2526
1327
2810
-1906
-4249
707
-1031
443
4015
2888
1793
-2563
971
225
1328
-2873
1924
1693
-4346
1302
1281
4332
4161
1673
-4955
2739
-534
-1026
403
-2084
-2377
4331
-1648
-1729
-2708
993
3582
4266
2906
-1623
1383
1736
2547
3714
4663
-2482
-1801
-2693
4397
3448
3900
1386
1636
-664
-1838
-4548
1016
2128
-2635
2248
-2708
2752
-1935
1250
-3465
-3654
1720
247
-4709
-2420
4271
3283
2278
3297
3292
-2810
2975
2454
2248
-1148
-3181
-2319
3571
-2071
4676
-1902
1873
4361
1489
-3516
-3591
-1714
4181
-4795
-3213
-2260
3754
1351
2010
28
-1379
-3334
4843
2397
1764
-4643
-346
-506
1288
-4833
-3415
1276
-2884
1941
-3242
3844
3391
-3448
2231
-4850
3045
1873
4003
-3497
-2957
932
337
-1355
-441
-3958
175
-1089
-1891
760
118
-988
71
4394
4565
-1350
4679
1215
2921
4580
-4529
4008
-2483
4766
-620
-4935
2299
2362
-2844
3580
3345
-4078
-2216
-1980
2599
-1162
420
3513
-2151
3936
-4878
-2412
-184
-1781
2885
-837
-3376
-2045
-1125
4749
-2347
-1588
1718
-3544
2093
-1944
-3365
-1762
-2085
3964
2168
651
2877
-4290
-4019
4011
-2246
-665
-2062
-1502
2838
4425
-859
502
2199
-2824
-3259
-3856
-1718
-1556
-1314
2668
-784
868
-2756
-520
-1972
-4384
-1670
-1391
2554
1623
921
3495
408
4311
2513
-503
-1440
3592
3148
1247
-1116
3054
2901
2757
2727
-2578
-4523
3890
-4032
-1224
-2797
-594
-1275
3024
2841
-1288
-4604
-1597
3235
-2059
-2386
283
3039
4300
2876
-4399
3433
-2126
3950
863
4467
402
1210
-588
1692
-2399
3326
1475
-31
124
-62
-353
4599
-135
-1607
4217
-3868
4221
12
1389
1074
-2581
3284
-3409
4613
-1178
3225
-4227
-1685
-4426
-3279
-3157
-590
4330
952
-3983
159
4761
-2568
-994
1497
-2377
-4371
1127
-246
-881
41
3023
-2724
4094
4114
2224
-1667
3288
599
-1463
4745
-1647
-555
1243
-2740
-3114
-4413
-917
-1793
-2683
-4115
-1745
1742
-3935
715
-3314
-4235
3852
2490
-774
-4363
1609
2702
-1092
4990
-3938
1600
-3526
423
-3113
-1263
2200
-1382
-683
-3792
4947
4503
-3755
4291
-3597
4938
3075
-3881
4484
3195
2858
-4581
532
4477
-143
-4325
-4854
5
578
136
-1333
1263
1160
3865
-961
-3858
-1100
995
2287
4259
558
-1193
327
-1256
-2767
-4745
3094
-56
1518
646
4708
807
-116
4139
-2044
-2590
-1683
1200
1955
1138
4539
-760
-156
-1042
-770
-4425
3461
3497
1859
4989
-2558
2752
881
-301
-3516
3838
4659
-3241
4177
353
3233
102
1013
-4347
-3891
658
-1524
677
-1380
3741
1363
3205
2033
4405
4821
-2819
-4512
-1279
-4863
1058
-4093
1472
804
-2811
1440
2865
4445
1100
1585
3698
3537
-68
981
-1578
-915
-673
4892
3276
898
-712
4337
-1675
4172
1196
2869
-2833
-4335
-1607
2073
-1327
4920
2486
-4078
4152
-2193
4206
1857
3933
-640
4810
-1108
4377
2626
71
4606
-1486
-75
3713
1794
843
892
4196
722
2998
4621
3961
-942
-3147
-1499
1053
4806
1680
4070
-3819
-18
-2815
-2868
4010
-474
3587
2565
1957
-186
-2869
-2230
67
-2156
-2030
-164
-1506
492
-4821
289
440
-2256
603
-2488
3932
-3572
-4451
-3207
1834
-311
398
-4767
4322
-817
-1585
1527
165
-4922
-1051
-4214
4217
-555
1490
-3602
-2471
-4941
4829
-1839
1125
1624
-1506
-891
-4810
3201
-3218
-4904
3472
926
3160
240
4476
605
-4943
1599
-1153
1779
4986
1040
-4925
2487
4419
-4073
1550
2264
3705
-2379
-2562
1267
2048
3934
4875
-2998
-1814
-4827
4998
319
2977
-3644
-2438
-766
-2
1374
4548
4312
4291
745
-2845
-811
-351
-2826
-2689
-1605
-3505
2960
-917
2253
-4576
2050
-2076
-2448
-4088
4203
4637
-4179
-2911
609
-2240
-3810
2464
-3718
42
-267
-863
-2585
2969
1971
2394
-1837
3827
-1135
-745
3031
-80
-1489
-2000
-2627
1424
1903
4679
2960
-2405
1227
-5
2946
-2833
2383
-4588
-3141
93
-303
4557
1275
168
-1364
-4875
2103
2583
-1967
174
-762
3278
-4375
127
-1123
-1022
-3163
2372
-3064
4169
-2018
-338
4526
3029
-401
3012
-2559
-3740
-4171
-576
-1167
308
3486
2714
-3600
85
-1112
2908
1908
4981
4545
-2375
-3249
-3754
-4526
3317
4831
3446
3125
-2973
-798
3231
-1408
2763
-2673
-4167
-4192
-2634
589
-1815
1907
3088
-4338
3837
-3240
4870
2753
-524
-3556
930
-312
-628
-1870
-3534
-423
2523
341
1657
-1176
76
4839
1241
3666
-1345
-1929
170
-3889
1205
-40
338
1375
-2318
3433
-313
-1610
890
587
-3986
-2129
-460
-608
-2776
-4924
-2856
615
-2145
3406
-3149
1311
-3369
-1007
-1665
-3665
-4352
134
-485
-726
4654
-1657
-2231
661
4619
1017
3769
-2736
342
4703
1623
111
-4728
4347
-329
-1959
-3038
3210
-3258
1509
-193
4408
-2998
-4350
2934
-3703
1482
918
-4545
588
3030
-4343
827
-2736
874
-1166
-2581
-4019
-1908
4780
2479
2543
1774
-2817
-2220
1744
567
2776
-2523
-3301
942
-3949
-1424
-3672
-381
431
-1545
-2250
-3069
-3303
-2536
2217
2634
1892
-4012
-4688
989
-1934
-4659
1234
-4125
-632
-1108
2081
2013
4680
1457
1127
-3646
2961
-4297
-25
1292
868
-2077
-2968
-2634
2419
1093
-4808
551
-1079
3497
911
-1416
1600
513
-1107
274
-882
-1160
4937
-2854
1848
-2418
-4198
894
1877
-4289
4200
-2388
-4100
-611
4192
3067
-4069
-1761
2919
-1284
-346
2439
3303
2867
4140
-892
4777
-2534
-2951
-4518
-2522
197
-1938
-4597
2739
1776
4014
-4139
2898
3020
393
-4333
-4201
-3186
2509
1859
1176
3921
4953
-2680
2002
353
3509
-1394
4577
2028
2280
3886
-350
3578
2504
-4122
4836
-1727
4600
1747
917
-3885
4024
1916
-2872
-2993
-1538
-2234
-1711
-46
-1340
-33
3032
-126
3086
2942
4647
1843
-3744
2216
2142
1986
3354
-4614
-3503
-714
-4331
2565
2357
-1359
-1641
805
-1202
-511
-136
805
-2406
3229
-2141
-450
2292
-449
4049
1722
-1956
-793
-215
3647
3748
-2385
-4133
4316
1918
2161
2857
3292
1141
2318
4410
2425
-1938
-3811
530
4218
-4004
1132
1994
4139
-1080
2081
-4614
1919
-3324
171
-2723
-2316
2668
-2414
-1720
429
-2018
2417
837
2603
-3687
921
-1545
-4052
-3754
4865
4861
3570
1972
-4277
-2342
4965
-4790
-3836
-3427
4598
2547
2615
427
2028
4435
-2687
318
-3799
1908
109
-528
-4134
4887
-829
4099
-4666
-4174
-159
1700
-83
-3690
-4974
-608
-302
-1595
-1745
-84
732
233
2173
264
-2923
991
2634
-893
648
2346
-4725
-262
3241
2917
-2401
1713
-516
-4477
2452
-1397
-87
3014
1215
-2019
436
-1738
-3738
4991
-2979
3642
-1750
-3989
2012
1041
1352
4317
540
-4842
3807
-2806
-4331
-3795
2645
3185
-2982
-3960
-3875
4948
3088
1990
-4269
1632
1767
-3762
-3501
-280
-846
-760
4266
3165
366
-1142
-612
883
-719
-2734
1622
-481
-4336
2581
-4106
-32
-4361
1073
-3054
3696
-4395
1459
-2641
-1764
2026
-4203
2854
-2591
1865
-3117
1646
-440
3653
3052
-3095
-3130
31
-406
-3854
4630
3214
-3908
-916
-3055
3933
-3781
4797
-535
1718
-3797
-2446
3169
-1230
1554
-3099
2985
4595
4483
3254
1595
-4600
-2447
-1281
2780
518
-1177
-165
-330
-3965
-1286
-2753
3210
1629
713
-3902
1073
143
-160
3028
-2552
-2785
4977
-4117
4333
-2765
4900
-4003
-233
-2184
-1474
-734
-2800
3401
2569
-2202
4459
-1996
3473
4339
-1917
-3625
3253
-4000
1284
-973
139
-2400
-1561
-1698
-1967
-57
1988
-927
2089
-4744
-2114
-77
-4270
-3765
1591
-4702
-1952
-4508
4599
128
-4374
-4742
2836
1127
2214
-1935
219
-398
2752
144
-4706
2072
-2529
1299
248
-457
2268
-2059
3086
-4209
46
4518
2065
2136
2844
-206
-1246
3971
-2557
-3875
1698
141
-4667
314
537
-352
-3786
-3615
-1725
3756
2266
-1514
-1052
3410
4170
-1548
-4165
-312
-1
-1573
529
4568
-528
-1916
469
610
1206
2379
1442
390
-2131
-4454
-2506
-1699
-1525
-78
3762
-1925
-1561
4836
1688
1727
-1763
1864
2718
-3761
-1340
-4411
838
-1844
448
3172
-4015
2682
2187
-4953
4455
-3766
2227
-1821
4612
2848
4567
-2978
4055
1647
-766
-2414
-425
1974
-3329
4283
-4824
2479
-4299
-25
4593
460
3931
4664
836
4309
865
-3012
635
-1748
2632
3825
2098
2788
4787
-4880
3608
421
448
910
-1049
-3196
-2914
4146
1277
3552
-529
4060
3245
-4487
-615
2885
-4910
1758
-4199
3580
2309
-4163
4130
-2061
-2992
573
-3392
-3642
-3829
2118
1999
-1019
-4120
1275
-4654
-2246
-2469
1072
-2974
264
-3273
4286
-1269
3217
-994
2305
698
-1933
2964
0
-4848
3396
2398
3886
-2103
4465
-4420
1621
-4883
2034
3110
3199
-2157
3163
-50
-793
-554
4123
3274
3385
-14
-4262
3951
-4101
1177
-389
1155
4720
-1051
1533
-1254
-2903
2090
-1872
2215
4846
3760
-3183
-721
739
2847
-697
-3820
-4160
-1084
-4982
-3364
605
1637
-3474
183
-550
2722
486
3688
2481
1361
2447
864
-2949
592
1840
-649
-3747
-1823
-4984
3663
4174
2063
-4434
-4274
3350
1980
3038
-2262
48
3160
-2281
2169
-3738
169
-3013
-64
-4582
-3677
2898
-4817
-2394
-845
-1613
4927
-4610
-3502
4903
2504
-2705
-1838
645
464
93
3973
-2785
1920
1981
-1158
-2507
-1940
-2209
1840
845
3963
-3271
-3777
-2939
-1523
-1906
4614
43
2237
1377
2062
-3178
-4992
-1262
-2160
-1252
-2965
3048
2690
504
-4219
4951
3705
-2938
-196
1213
3959
2600
-3752
-4941
2259
-1945
-2409
3094
-3861
-248
-1844
3526
-4399
3047
4587
3096
-1781
-1685
-3494
-1512
3124
3539
3774
3233
3895
-3366
-4842
-2861
-4012
-4794
-753
-2846
1414
4654
-3178
-3101
-897
-1123
388
-4194
2474
-3229
2571
-2739
2392
390
3514
2680
2555
-4687
223
1301
-2941
-2285
-849
3459
-2149
-2999
4509
-2829
-4967
2447
-2412
-1151
-3705
1942
-37
-1829
-1779
762
-51
702
-4720
-4065
-3584
4582
-3022
-2429
1510
301
-4977
2520
2654
-192
82
-4654
-4632
4233
3151
3365
2071
-2631
3274
-4511
-4218
333
4324
78
4706
-3181
2651
-4223
405
-244
3717
3145
239
2139
2162
3390
1696
-2302
-3486
-2154
2336
1932
-4981
-1992
-1188
-2982
2147
-630
2000
3713
4971
2617
-2385
3767
-1817
452
2175
-4019
1234
702
-93
532
-1345
2992
1065
4784
525
1279
-4044
170
-3776
-2087
4827
-1
4765
-3987
-1840
-4323
2536
793
2221
1225
-2367
-3033
3308
2342
3763
-3084
4339
-1676
-3958
4488
-1462
-3226
-186
1969
4320
4447
-1802
3310
544
3405
2735
2787
4371
2040
-1242
-3900
4808
-4672
-3786
4366
985
-4984
-4274
4721
-2835
-2962
1678
906
1019
-1829
-1837
2825
-2312
2087
1968
2224
4751
-4160
-2862
-1679
2975
-256
3889
-946
-219
-2881
-4678
-2648
-1571
-2870
-3493
-785
-3580
-4238
-3360
-3956
-2541
-3906
-3209
4577
335
1418
-2390
1255
-161
1274
1955
4258
28
3636
1862
4947
2060
477
-500
-3940
2335
1035
4767
-4738
-2402
169
3298
-265
-517
-4644
3141
-3848
-1972
3349
3976
-3054
4641
-2093
1247
2687
1931
-989
4527
4867
-250
2201
2539
-28
-3371
1856
2424
-2611
4533
-1421
4586
-2936
2073
-2986
-3492
-4843
-2034
-2811
-1055
2201
-4246
-954
3557
489
3855
-3080
-3593
3519
3841
4777
-1740
1166
3364
-1408
-3585
3088
2192
-4974
-4873
-3849
3091
1792
-4247
178
3905
-3134
-4371
-1273
2663
367
2168
2045
-4082
-871
3614
-554
1593
-3294
1563
-2954
-1276
3987
-3762
-2411
755
1895
-3482
-4194
-4181
1152
-1482
1485
-3715
-3780
3664
-1370
2969
-3189
4949
1921
-3720
3975
-72
3210
-4312
4924
1106
-3669
4639
-2877
-2401
4527
-1438
4842
2085
1428
1716
-3073
-2953
-4198
-4954
-1290
517
3931
1200
-1441
-353
-3484
4096
-4933
3738
188
488
3987
-6
-4076
635
4763
-4711
-1580
-511
4717
-4906
3869
-3389
-282
-236
-3765
-2327
-1249
-2021
787
-2989
3544
-3639
-3113
-2487
2191
-645
-3160
-316
-4864
1023
2823
1517
-3132
-3215
209
2705
-2925
755
-1322
3622
4558
658
4448
-3283
3367
-66
3933
-3561
2684
319
3814
14
-49
3139
-4505
-2042
-4070
-1855
-4862
547
-4172
-3154
-2508
-4557
-2295
-3462
-289
-867
-2275
2499
1546
-2579
4291
1853
1954
1290
2012
178
4541
-1459
4280
-3332
-652
-2286
-3967
-1679
-1861
-1969
-3814
-131
-942
-155
-4364
-3390
-885
4601
4384
-1043
4482
-3948
2115
731
-1433
3095
2224
4412
-3601
3521
-3343
792
3465
4604
-1793
1622
-1832
2228
-4920
2943
-871
-1938
2221
-152
-676
1415
-1996
2836
4581
4191
1502
1845
4304
-3036
3053
-4337
-2649
3595
2769
-4083
-2327
2859
4634
-2767
-4428
-2025
-2170
541
-3555
4532
-998
-3392
-21
183
-1150
-2195
-366
542
4553
-2846
-3582
2815
-3084
948
325
592
3678
-4011
-4317
-4538
-1567
2393
-1938
1278
2539
4633
-282
3359
-4542
-3793
229
-2792
-3802
-4955
2146
610
4604
-2225
-1585
1901
2944
-4312
-3856
-717
-4923
-1453
1712
-181
-698
-722
3842
2696
3286
-584
-2574
-1355
789
649
-3426
-4333
3520
-4657
-2481
1715
-390
-1443
1843
-4145
53
-4628
3695
-1346
-979
-1569
507
-2461
-3420
4562
-1588
153
3489
2605
991
3212
-1517
-1662
1992
1945
-1413
1897
-3646
4259
247
-2208
-599
-574
1127
129
3825
-464
1619
2769
-798
3293
1973
4603
101
-1113
-4047
2264
1076
-3696
-810
-1900
2747
3150
-4024
2769
432
2692
63
-524
-3584
3122
-3910
132
217
4075
-4376
-188
4889
-1029
-1879
4944
-1470
522
3066
3873
668
2759
4606
-778
12
2809
-230
-754
-2594
-2544
-1197
-821
4584
1907
1253
-4901
-3574
3944
-397
4318
1442
2270
-3212
-3325
-1750
437
1165
-2256
866
-3995
4618
-1134
-2469
3594
1802
-2843
167
4056
1242
-1093
2047
1722
3065
-3563
2649
3029
2738
1848
-355
-3729
4274
-4423
-3448
3687
-3641
4558
1303
4613
4797
4903
-1627
-489
-3343
-4616
-3691
-445
1126
-4798
-3039
3600
-4619
3820
3664
-3752
3398
2192
-1971
4509
2448
3667
3130
-2684
3857
-3141
4346
153
-2447
3922
-4987
4313
-1728
3779
-1720
352
2374
-1817
-1114
-729
10
-1735
4320
743
-180
-3368
1668
1912
2686
-4075
-1595
2254
-3142
4322
3515
2212
4139
-1204
-4452
3978
504
1275
467
-1226
-4756
-946
-1408
-837
2647
3113
-2205
709
223
-3688
738
-2169
1686
-3285
4194
528
966
-3289
2590
1610
2654
1603
-2129
-122
-3379
4996
4835
3650
-1616
-3966
4785
-1101
-4605
-3793
-4089
3877
-950
2570
4552
-1968
-4646
-2798
-1872
172
-1731
-2385
-1992
1775
-1287
-1462
1348
-463
1594
-2853
3543
-1803
-777
-813
-148
-2781
-3173
2946
258
-4924
-1673
4062
-2234
2642
-2697
-4926
-3172
-4041
3960
-3838
-1082
-3105
-1822
2929
-4809
2659
2534
1496
2115
2085
173
-4436
2203
2650
4835
602
3831
-3546
814
2540
4994
2131
-286
3710
132
-3186
1038
-219
-4754
-4438
-4373
-3535
1096
-3556
-4134
-767
-461
-1446
718
4573
3947
1411
3408
-4178
4921
-1289
-1295
-27
-1887
4897
4380
693
-2376
-2190
-2013
-827
-4088
4575
-3332
-1018
3998
1653
-2780
2151
327
41
2267
-1606
-462
1900
4699
-484
-3663
2858
636
4298
-526
-3257
2506
3908
639
-4727
4129
4470
2314
-761
185
4294
766
2114
4655
2590
2232
-3495
-294
-4047
4602
-1275
-2313
-4685
3831
2578
-1372
-1308
3056
-2919
751
3728
-1253
-4326
2657
2252
961
-4376
3017
-4428
-2308
2984
3166
-559
2276
4680
-2997
857
-1662
2059
180
655
2461
895
3343
-3425
2325
-889
18
3795
4775
4004
1402
-2281
-686
2994
4490
-4957
-1758
2262
-1085
2215
-2956
4856
-2338
-4297
-1158
2860
-4737
-61
-48
923
-1239
2282
-4254
4107
3266
-4942
-2781
-1505
-2413
-2381
3483
3058
-2837
-4253
834
328
1923
-1482
4496
-820
-4973
3272
-2443
-1285
1998
-3860
3617
3502
-4844
-3780
-764
-1620
-1469
-2924
-2548
3397
-4440
812
-1941
49
-93
2337
-1272
164
-4860
-1446
-1495
-1076
-2923
-1181
845
-4143
-1412
2848
-3367
-4642
-3040
1892
2455
-2108
4944
1227
3523
1258
-2724
3022
4156
877
-4148
2813
-3048
-2082
372
-2312
611
1904
-893
3373
508
-120
1434
-1904
4760
645
-1296
-1254
-1665
-2907
482
2881
802
-3068
3967
-4098
1233
4559
1425
2611
13
1561
1791
2122
-1335
4053
3506
4202
-3443
2424
-1993
-1836
-4086
784
-2956
4362
-2133
3619
-1752
-4320
-4088
2736
3141
-3912
792
-3427
2653
4194
962
-4175
933
1550
-288
2514
-224
4732
-2853
-3234
-1442
1068
1614
2766
-325
4773
-2981
1256
-3255
-2225
787
-2585
4595
-1940
-1622
-2215
-2835
1974
-3149
-1056
4203
1463
-3904
3300
-1300
695
-355
2220
1749
-4355
3600
386
-54
3489
1090
-1228
3562
2796
-629
-916
1731
2929
2935
1664
3652
-2648
-923
-2035
-1773
-3372
-505
4733
866
3581
4728
3414
2706
3741
4397
-2051
-2736
-4959
2459
-2216
-3957
-2139
-792
-2660
-242
-2419
-2241
634
2697
1485
-4999
3163
2813
-3368
4505
-4016
2272
-1673
-3519
4884
-2848
4994
352
-2538
-3292
3346
-3249
430
-1058
648
-849
4170
1142
-1336
-2987
2717
3533
2345
3545
2004
-4508
3435
4519
-4206
-3867
-690
3745
-3407
-2008
3815
652
-269
418
3544
-4951
951
-2083
118
2832
-1123
-1012
-884
-1423
3369
1763
-143
-3864
2037
-1405
-2033
3904
-3603
2026
-2545
-3590
-4483
4469
3135
1917
-4617
1355
-1591
-4111
-4339
-2569
-973
-477
-2301
-3403
1852
-3035
4109
-2171
-4216
3814
-4368
-493
-1574
-3404
2672
-2211
-1170
1771
1164
4208
4244
4824
965
602
-4038
1484
-4678
2205
2401
3165
-823
-3116
-4109
-4492
3549
4284
4715
4873
1240
-4165
-4361
4705
255
-1254
-683
-2093
4235
-877
-4717
-1096
1101
3686
627
-2381
-1467
-3615
4354
3783
4378
4020
375
4416
-4923
-1088
-243
-3257
-3599
-4690
2357
4252
-1420
2519
518
3388
-2694
-4217
-4222
4031
2288
-1022
-3924
3133
-3420
1518
-4609
794
-1824
2388
1145
1081
2114
-4989
-4859
-28
-3017
2495
2404
-2921
-212
-1424
4517
2175
-728
-556
-4467
1998
2296
-2117
-4051
-2310
-2071
2813
2705
4945
2436
4676
393
-4503
2640
3721
3717
-3338
-2343
-2850
-1596
213
-466
-3213
1774
2384
3225
468
-4269
811
-3356
-4242
-749
1566
-4255
3788
-3410
2959
-395
4078
2067
-3723
-44
2271
-3073
-3446
-4032
337
-4022
-3043
373
-2422
-440
185
895
-3410
-2999
-4162
124
1119
-4452
-2975
-3462
28
-4734
-3665
-1689
835
-2201
-2609
-1806
2587
-1791
-2314
-291
2207
-439
976
3449
3474
-4827
343
860
-596
4189
-75
2137
2560
-4796
600
3889
4773
-3556
-2971
-487
-3851
-2447
4732
-781
4144
-559
3462
-1042
1773
2653
-2359
-182
-2320
-146
4689
-2261
4687
2636
3860
-1410
1470
2754
-1156
4466
-4166
1013
1689
-2424
-2429
-1893
-658
4797
-2906
3743
-3777
-976
2776
-1225
333
2735
3048
-3467
-2406
1508
-4052
-2650
3000
3266
-2903
3256
-4099
3966
-3721
1445
-3167
3563
948
3140
-1300
-4997
-3479
959
-4708
1451
-2809
-3974
-3970
3482
-916
-2946
19
3334
4456
3513
1205
-1342
3744
-2474
-3715
3075
2301
-2412
3122
-3904
649
-2288
-4619
3515
-189
2554
1670
4600
2045
1627
-1549
-2553
155
2889
-4643
4053
3722
2056
-589
-3956
3056
-2425
3545
-4755
2125
-1060
-1118
-2025
-3791
2721
2136
-2477
-3735
1435
260
3141
-379
-713
4920
4024
55
1280
2053
4690
-211
3724
729
91
642
-1577
3852
-4331
599
1514
1950
-2381
158
-2190
2552
-4480
3561
416
4210
-486
-462
10
2894
-269
3745
1180
-3373
-2610
-919
1438
-3363
-4067
2027
-1509
-3189
3828
-3836
-2724
3372
2460
1258
3789
-4313
4918
-1821
-538
526
1247
2225
-2432
1101
-2549
-2765
-4671
106
-4834
-1127
-827
-2046
4530
790
2717
2899
-4940
-3008
1028
-2635
-3803
1029
-4043
713
-2406
3785
96
-3138
1831
-3131
-4821
2705
936
2495
2821
1625
4716
1728
172
-1420
2416
-1743
245
-2692
-829
-1220
3155
4797
-2993
-1188
1775
294
-1442
3027
7
859
2841
-2806
3936
55
-2383
-969
-1658
3794
2244
4284
-1995
3499
3525
-837
-2626
-423
2776
1174
726
470
3527
2789
-194
2956
3983
-4449
-4303
4518
4473
-4622
393
-1190
2283
4176
4751
113
-4859
3858
396
-1681
-4630
811
-3596
-2840
-715
1562
126
-840
2063
1111
951
-2032
16
-385
-4444
4683
-1813
3719
2308
4702
-4005
2602
1034
-265
645
-46
840
1207
1053
4257
758
4653
-3295
1328
3771
2570
-3406
3466
-1368
55
-3225
-13
1629
-2979
-692
-624
-3539
400
-3514
-4245
-2644
-57
-2205
813
1700
-4688
-492
2333
1124
-3131
-2188
4453
-2764
-474
-3355
-2450
3202
-863
-3438
465
1755
3286
-249
-4909
-264
1009
-2953
-1011
-3125
-635
-2760
-2297
-3143
-3480
-4461
-88
-3661
211
1451
-1920
-2992
-1426
-1130
4408
1472
2741
4723
-3509
-4947
1630
-4630
-848
-3297
576
-4323
1455
-3823
3970
-7
-1844
-548
927
-670
2528
-1053
-2148
-1118
1474
3721
-3334
3361
-114
1228
-3831
273
3024
-3734
-3553
-3710
-9
3820
4526
3438
-3084
-1994
-788
-1259
-2034
1913
1230
4799
-1995
2081
1298
4362
-1463
4219
-4833
-1789
229
3048
-4022
-1233
3795
-4519
2164
-3411
1008
-2416
-656
-4760
-449
1649
13
-4022
3379
3221
3797
3977
767
-4395
-4463
-4121
-844
-587
-1860
558
2471
1458
2313
-3685
-311
-2945
1379
-4814
21
146
3899
4949
-1256
4855
4891
-1231
2410
2868
-910
1055
1585
1535
3954
-607
-230
3166
-1820
-47
2979
-1366
2760
-2419
4600
-4789
2038
-600
3100
-153
988
2822
-4767
4400
-3079
-1866
-936
4602
-459
3875
-3033
-3069
2559
-3009
-2816
1659
-4168
-1423
-4126
-893
2866
1757
133
191
387
-2065
3114
-4561
-586
116
4079
-3176
2329
-1766
612
-2624
4860
2765
-2256
166
-4598
-4140
-980
3411
-2933
-4564
-1801
-2577
-3748
643
4703
-115
1135
-3072
2743
-1088
-63
-3893
-2660
2714
-1264
699
-4221
308
1082
2905
-4842
284
-3806
-2296
3641
-1489
-362
2546
-4561
2446
468
3585
-1409
526
4032
2769
3486
-291
-4561
1039
4945
-4999
4019
-4778
1833
-802
-380
-1698
150
-3702
4658
14
-4784
-2779
-1457
-2176
4138
-3445
4806
419
1130
-603
3587
890
-2847
3030
-2657
-3247
2796
4917
4824
-3045
2277
-1436
-490
1755
-1601
-1433
4032
-1526
-780
-736
1841
-4611
-1402
1346
2270
715
-4249
-2931
-4663
4484
-2089
2343
-4270
-4040
-3963
-1817
-4566
2087
848
-4582
-3448
-1064
-4685
1467
-2511
-2710
-1033
1012
509
3048
-3466
-1790
-3174
-1170
-378
1849
2232
-3923
1636
3381
4301
1374
4819
-1359
1118
2781
4020
3379
818
-4842
1810
1121
-215
-2596
658
-1594
-1197
-3943
-2054
-2352
2501
1595
-4988
-2227
3491
978
2269
93
4838
522
2947
-3015
-4737
3011
-4604
343
-801
-4969
4914
-2046
4001
-183
-1690
2638
-4444
4601
-4823
3296
4579
-4302
-4442
-990
2166
-4170
4161
-63
-2768
1189
115
1779
-422
-2462
-3622
-959
274
2807
870
-2803
2461
2944
1158
468
246
-3901
-1391
-3011
3873
212
3745
163
2917
543
-4017
1937
-1201
2938
855
3606
-2242
-4088
1284
1345
-4068
3572
-536
4361
3179
-1868
1596
-2052
-138
701
1963
1810
2718
2375
-1749
2945
2971
-1113
-1581
4302
122
1532
-3230
-2673
2803
3152
2006
-4782
4716
-230
4115
-1119
-3360
1487
-3230
1598
1860
4495
-247
-4949
4475
1624
1634
370
-4594
-4296
4235
2685
-3324
-1618
-1660
4063
834
4907
-4237
-3022
-2476
-4989
-1958
-2697
1912
2825
-4394
3167
106
-982
2717
2934
-1530
-347
-610
2815
-2380
-2524
-4619
1077
-4172
-348
2501
-344
-1426
-3555
4294
2045
-526
-1689
695
1723
-1296
-2044
2522
4998
-3636
849
-109
801
-3678
-2709
3045
1579
2248
45
-686
-3833
4657
-2501
-1162
-506
-3321
-2152
3641
4462
-3927
1075
-265
3517
698
3686
2150
-1600
142
1759
-2556
-1251
2507
-3737
3055
-2425
2069
461
-2056
-1229
-2478
-2607
-1844
-4414
3991
1733
-3695
4190
4716
-2319
2735
-1965
-4422
301
-4389
-507
799
2612
2641
-3326
-438
-3955
742
-4552
-3268
-1077
3674
-4340
-4864
2
-2188
2585
-1237
-4726
986
1776
2243
-4377
2505
2461
-868
4814
-2070
-1088
-2286
-4315
-425
-1797
4526
-2367
-4576
561
-1304
1162
3661
139
2244
3890
3035
-2840
-2938
-4072
-3656
2850
-1721
-3301
-344
3514
-1991
-2341
1364
4461
-233
-1116
-667
4218
-1531
-1275
379
-2300
-4211
-1243
1890
-3310
-2507
-3549
66
-2725
-3863
240
2386
-1572
-1637
-3379
300
1281
3563
-406
1241
-3251
1588
3697
-2286
2289
-4584
-4989
2332
-3617
-1985
-255
4815
4622
-1430
2664
-4820
2320
-3224
-440
-3832
3185
228
-2792
3972
-4135
4110
-2442
-2959
-2906
4504
-56
847
2055
1037
-1708
1548
-3273
2597
3505
2686
3051
3951
-776
-1818
4409
-3908
-1524
4581
4435
102
-1902
4989
3783
-967
-1142
-2340
-2188
2699
-3021
548
325
-2059
3336
-3928
-3609
2970
-1546
-3591
432
-566
2971
2666
1922
4077
-4228
-740
-2453
-4671
184
-4410
-945
4460
-3303
2611
3454
-2471
627
3266
-24
874
1017
-4918
1566
-4958
2637
-919
3362
-107
-48
-4128
3215
-2192
-3162
-3612
-2394
1067
-3206
1765
-3765
-1117
-1675
770
4664
2768
4997
-2756
-133
3806
722
-2192
-375
-5000
-2987
-1793
561
1543
561
-3431
1080
-3076
-2224
-2503
-2618
1713
-1137
-992
177
2429
3940
-1900
3919
-3341
-1740
-2685
-3630
3515
-68
-4221
4088
4487
-2622
-1688
-3637
3009
1708
-346
3556
65
3846
-4253
177
-2235
3544
-964
2802
-4126
523
-4762
1646
1301
725
-76
-2566
-1755
-3986
3472
-3033
4615
-1202
1466
3238
-1217
-1882
738
-3123
1833
-4998
-4771
480
-1204
558
276
-2980
-3430
-817
-266
-2620
1068
845
-4825
-2208
915
4943
-2404
-4212
-2763
2485
3498
1787
-4479
250
2680
1224
-3607
3851
1243
-2468
4073
-4351
-3883
-1244
-1639
3553
-4125
4585
-1524
1902
-4399
4031
-247
-623
-821
-4241
-1049
1910
1237
4214
4126
-1606
-4021
-2520
309
-54
4255
-1428
4945
2546
-4525
-342
-1203
-4751
4021
3034
-660
-3442
341
1210
2511
1396
-122
-920
-3686
-1508
2846
414
-2997
-2681
-3545
4671
-1426
-955
4172
497
-3915
-3748
854
3051
-303
-2592
-1511
-1975
-3681
-3656
-4180
-2937
-4164
4361
-1717
894
-2395
-3172
-2961
-1720
-1735
-1026
37
1075
-2633
-301
2109
-1980
-3211
4309
-1833
-4543
-4287
-4946
-2709
-2655
-1151
-2469
-2409
4414
-2042
311
-4197
1656
-264
2614
3656
18
-4466
-1345
-523
-3026
1523
-1542
-3485
419
4950
-3116
-1224
3306
-1942
-2222
1567
-117
1237
2155
4641
-4312
4555
1673
3872
-1891
3607
3422
2415
1348
-1128
3219
-1144
4004
1627
-4605
1966
-2575
-3112
2974
-2412
2791
2620
3544
4671
-4307
-1374
-3927
364
978
-4238
-1978
344
3112
-1804
-4517
2906
4481
-1904
-1859
-3453
-4766
-3778
92
-248
1628
-896
1578
932
94
-4573
2532
3712
726
-1041
2887
2257
2283
827
2735
1558
2279
-4515
-3328
973
918
-948
-4052
3981
-20
3390
4617
-686
1225
3055
-3471
3392
-3616
-4976
2911
-2400
-3853
550
-1019
-2699
-2636
-1075
-3977
-848
-2969
-4582
-2687
-3293
493
-1855
-4801
4115
-4357
2655
3034
-2229
-1129
3192
1883
-4449
-217
3860
-898
-911
-2998
-736
-162
-1861
4357
-1397
914
-4214
4875
4026
3846
1205
215
4782
-1888
-120
3057
-3347
-4588
-4125
3300
-1154
1501
-3081
1781
-258
1648
16
1352
2992
1311
2767
-1847
1652
-2113
3510
-2673
-3114
2272
3590
-4019
-3940
2666
-3600
2354
-4582
-29
559
-2082
1163
-1180
4421
2626
-3516
1678
2981
1313
4760
2063
2465
-1046
192
-1065
977
1290
1717
-2668
3680
2882
2724
-1802
-1326
-574
-1901
3836
-2178
-2791
-1666
4804
-1512
2705
2119
-4494
4369
1648
1094
-4369
2805
4512
-4811
-3842
3875
-4390
1466
4246
1267
-3672
-1960
-4935
4738
1829
3654
4889
4169
86
2645
377
-2851
-4691
4304
-4698
-2554
3182
4620
-2871
3012
-2443
-662
758
3084
2255
442
-296
4733
-3378
-1729
-667
-314
2400
1713
2624
3849
1304
3499
4381
4646
-2486
-4119
-1964
1233
3420
-4125
3886
-809
-3496
3220
-1048
-3000
-2476
-2483
836
-2820
2917
-1390
2464
-3882
1757
-1081
-2800
2337
-690
-2269
-3497
-3810
4094
-663
3450
4227
-3019
2511
-3762
-3572
-1098
1627
116
2627
4444
-3514
4195
2806
1236
-2679
2022
-4590
4550
-1776
4540
-766
-3460
-4642
1641
358
2165
-861
2699
-3378
-3227
3210
69
-234
-2378
-4195
1039
1415
222
-2623
-2725
-3041
-68
2030
1161
2718
-1279
2848
238
829
417
3878
-1567
-2559
4782
-856
3234
3623
2803
-4574
-3962
664
4575
-3489
-3700
2375
-4522
-4039
-2441
4056
3820
2175
2977
-733
-4429
-2881
-2170
4758
-4103
-3124
-4919
-939
-4392
4081
-1662
13
-3281
2792
1553
-135
410
-3528
3243
-413
-1605
69
-2429
3032
1591
-4860
2970
3241
-2469
2488
-4573
-3049
-161
-504
-3493
-4629
-2713
-2134
1205
2253
3553
2894
3195
4052
-1006
-636
4366
1559
-2853
-450
4375
-3132
-3572
-4773
4259
4847
-3425
852
-3691
695
-4624
-3460
2259
1711
4198
4990
3195
-253
-1984
-2602
-3739
-3235
-4549
4833
-934
750
3841
-3318
4868
-1439
-2054
-601
2453
-4548
4976
-990
1972
1801
-2053
-2144
-1811
2021
-1995
-1999
-1855
-916
543
-1915
3908
-1572
1794
2153
3216
-3118
-1803
4260
906
-1445
-2373
1282
4099
-4082
1302
1623
-4503
1854
4415
-4613
2415
-1961
-4585
1108
4005
2542
-4023
958
-3901
-1735
3860
1637
484
4756
-4125
-985
849
-2473
3715
2890
3163
3564
4007
3012
4649
-1867
-1293
-2281
4689
633
1476
1898
-4730
-3467
-4170
-633
-4925
-3260
1738
-2147
4775
998
-2873
-4637
3633
4540
4503
-93
1152
3380
1507
4307
2783
1836
-1113
211
269
-1740
2842
-1764
3903
-4631
-2844
-759
4427
-568
-1927
375
-4759
-3559
-273
4221
1146
2616
2104
-1907
2773
-3425
-3098
2139
491
4854
-4785
-4230
-2191
-4857
-4008
-3049
4484
3177
4550
-1508
765
-4846
4334
227
262
1462
2814
832
4501
-2550
4416
857
-2089
-1515
-1156
3621
4246
1148
-2063
4251
-2981
1052
4683
1522
2216
-2686
1100
-3007
-2860
439
-4817
-4597
-393
3201
-3445
4415
-4139
4092
-1944
-2796
-2249
3229
4018
-4387
-2289
-4062
2121
534
-200
-2336
4254
705
-1044
-552
2307
3294
2475
795
862
3756
-2053
-1666
-3051
3381
3919
-16
-4323
-1112
3744
3721
2556
-816
3587
-78
3288
-4886
2688
-2466
2113
846
2881
-1322
-4237
-4477
-4906
4047
-3092
-2350
3310
-4144
4097
2789
4827
4088
239
-4544
-3004
1471
4976
37
2733
-3493
4307
667
-4812
604
-3169
1588
4067
670
379
4934
-4789
-3999
2235
1431
1652
-3004
-3787
-697
-2731
2553
-686
-1972
-2568
-4008
2846
1834
-165
-908
3903
-834
4249
1626
-1493
-2448
3280
-3873
-3114
2535
-3778
4721
-2625
4509
-1613
-3468
-4144
-40
-3100
592
-3243
1654
2022
-3725
3802
-4220
1854
-1330
-4022
-1845
-2831
-4721
-1018
4315
-3350
-4672
1968
1878
2480
1312
122
-3531
-3630
-3460
4187
-2300
-1227
-3306
-3443
4575
1474
3139
3949
-4344
1300
1418
-1770
3967
-3055
-1567
-3554
1373
-2022
837
33
-3019
209
4941
-1373
-2840
1849
1309
4005
4037
1724
-2845
2221
-4741
-4037
583
2446
-1242
1506
3090
3758
-4336
4434
2783
-4827
-3083
-340
2687
-956
-1208
255
1631
-1250
-2747
-3100
-202
3680
4156
2498
438
-4264
-4627
1678
-3905
-1825
-3493
3381
-2340
-346
2376
-710
1502
-1147
1878
-3643
581
-3323
-3193
-1910
4000
-2172
-3256
-3908
2741
-1291
1365
4236
-2057
4478
-970
4822
330
4797
3303
-4918
3061
1938
-800
3146
-925
3886
472
-587
999
3516
3397
3986
4532
2396
4944
-3380
4854
-1656
2729
2063
-1967
-2963
1872
1074
-1398
-3702
-2290
3646
-2869
-4522
-3427
-2358
451
2166
-1319
-2854
-4032
-3633
3264
-4773
1930
-14
284
762
3772
-2499
1806
-3907
2254
918
4234
3588
1204
1666
-1242
-2285
-2414
-3868
-1377
3778
1422
2295
488
1410
-1929
-510
-1360
2553
-2951
999
4826
-2695
-3324
-1996
-1379
-4414
-3532
-2188
-2167
991
-1845
1174
-2514
-2301
-3234
3017
-4202
-1398
-836
4701
621
-161
1587
-685
-1974
-1599
1237
-2581
-1735
-3954
-3216
3847
1430
4789
1726
-1810
1802
-4296
3805
3410
-2143
-469
874
206
-2118
-4768
-167
-4508
2939
-3811
3954
-2509
-4992
2407
-2762
1948
4307
-1617
2928
-3799
564
1051
3836
-1600
559
4089
-2965
2839
-1000
1136
4073
-2359
2495
-140
1053
4583
2662
-3837
752
2574
1177
1036
-825
-3433
2181
-59
-4261
-4892
2527
-4128
4860
-3479
-3967
2450
-1722
4027
573
-4514
2243
35
-3465
4445
694
166
1756
-3079
994
-1123
-3439
-1048
-4954
2167
985
1140
-1389
4974
-640
3534
-3667
4576
1971
-140
4992
-1240
411
1801
2462
-1300
2963
-1943
-4831
4517
2093
-1016
429
-4465
573
841
4643
3840
94
-1242
547
1422
-326
3138
3842
2332
3320
2471
-25
3209
4669
-1403
145
617
4865
-2818
-3088
-2152
1441
2119
4631
-1842
-3639
4625
3282
2475
-2831
-470
3461
2736
1619
2443
-3866
2999
-1051
4849
-2325
-2888
-3974
3576
3778
-4715
-2846
-2494
-367
-3377
1192
1679
1252
4286
-9
-2754
2121
1107
3204
3313
3231
-505
-3147
-3911
3488
896
2579
-1261
-1387
4645
-313
-4646
71
1686
-4320
1797
-1472
-4795
-3892
4136
-517
610
-2058
-1665
-4869
1136
789
2603
-2021
-1692
1409
1278
-4947
-2664
-2893
-4756
3054
-1273
-2392
-1680
777
2948
-150
-2058
-880
-4808
-1806
-1511
4676
-1443
-4373
1879
-786
2250
-3550
3931
-4201
394
-1086
-3718
-1034
-235
-4130
485
-3022
-3807
-4336
-94
3643
3767
-4236
751
-494
2870
-49
-951
-2513
189
-1148
-398
292
2256
-3037
4947
1698
2500
-2629
2790
-934
-1376
-2946
-4577
-271
2672
285
2795
-1739
-3585
-3184
3175
-1540
-2789
2294
3111
1514
3389
-4454
-4859
3945
2488
4163
767
3168
-362
885
-1211
-1892
-3738
2506
-1712
3476
-3488
-2286
-3091
2254
2660
-88
4727
-3764
1029
3655
-1160
-3640
1233
-2147
2645
-4505
1107
2710
2108
-1585
4542
4014
-3148
-1886
1157
1918
-1409
2902
4832
986
4997
3320
1630
-1958
488
304
1811
-3274
4523
-4166
4338
-2676
-533
-3513
-4008
-1202
808
4407
3327
1601
751
-3060
-846
-4857
1051
-3638
510
4947
4865
-2581
3335
4762
1725
1950
-4025
-3283
1424
-3541
-2613
250
-3903
-2839
4365
-4793
-1390
-1253
-1879
-1409
-1782
1918
2654
-2496
-588
4482
-3278
-2482
3504
1163
-1009
4924
1005
2220
764
-4521
-3734
4123
957
4801
1889
-485
-4348
1030
-2105
-3349
720
-2100
4533
-4685
-509
2018
-4079
2110
4280
-3404
-2426
2340
-1409
859
-1387
2174
3961
4113
3546
510
2327
-4302
1849
577
3773
2500
3706
-679
3793
-2175
-1499
3535
3869
4600
-2574
3723
4681
1142
3132
3424
-152
1086
-822
4782
4323
1141
2097
-98
-4965
-824
-3779
2845
519
-4036
2234
-3566
-3185
2717
1521
-4189
1206
-1922
2344
-2318
-677
-3135
151
2362
-3579
-4247
303
3416
-3908
-603
4735
3717
-1669
2961
4553
4008
-33
4634
3301
844
1190
3981
-3208
-2411
-4420
-2649
1718
-1281
1528
-246
-4094
1037
875
-481
2685
3980
4942
925
-722
-4323
-46
-1911
2478
3112
-4852
264
-940
3188
-3633
-2089
1718
3287
4280
2041
4064
782
-4889
-138
-1996
-2541
-3188
-444
-4162
2914
-859
-27
4404
1858
950
-2516
-2811
-2120
1304
3147
1841
1308
1447
-2194
-2812
-1334
-3881
-289
245
4767
3586
-80
-2729
4175
-2637
-3417
-38
3170
459
-2047
155
-1896
4281
3696
-2620
-3952
-1304
1526
3575
-2129
3845
-3126
1398
-324
-4519
4677
-768
-1737
449
543
1979
-1584
-721
2562
3405
1739
-2035
-2490
3704
-2974
-2398
2922
1712
-3476
-4597
-3913
-413
2005
4774
4285
1920
-1703
-1977
3717
4137
-1975
-2532
-4054
-3968
1246
-3133
4237
4133
-894
-3000
4361
2905
2965
4036
-2688
3165
-1313
4361
97
4071
-1419
123
-560
-406
-3633
-3783
3432
-1076
-4989
-4105
-3478
-3329
3682
3149
240
-4393
4938
1080
-740
-4633
1604
-1689
-3056
1435
4419
1950
-98
1148
-2825
4677
-2088
-4481
4971
-2878
2277
-2335
-1596
-2834
-3070
3010
-3561
952
2282
-4337
515
304
290
152
3915
2830
4891
-3073
3393
-2300
-3671
2721
4582
973
2572
3539
-1354
444
-2546
2133
1560
-284
-4630
3911
3919
812
-2972
3169
855
-740
-4048
4002
1156
2031
3992
-746
1124
1488
-1218
2938
4314
3551
3141
3633
-3653
-3364
3545
-1454
1543
-2580
148
-368
-131
-1727
-3744
-1076
-3970
3283
757
-3622
-845
2149
-859
1303
2682
3654
679
-3784
4534
1439
4746
1637
-4273
-3915
-3539
4052
-4122
3274
3917
2824
-327
4090
-4506
-4831
2172
2410
-487
4531
-2677
-2465
4196
-1061
-1866
-4590
-3642
-3385
-81
1974
-4969
1570
4090
-4036
3801
-3924
-1196
-2372
-2833
-638
-2243
3723
-2129
3953
-42
4625
-823
-3191
-1411
4626
504
-3522
2248
4840
-844
-2470
-4722
-2853
4143
4924
-3879
-831
4027
-1909
-3913
-378
585
-1842
-873
-4356
-3718
-1650
2830
1045
2811
-4297
414
2175
276
645
-3371
-2358
-2578
1913
-1479
2038
-2429
-2317
658
1709
-1087
-1077
-273
-3641
1044
3684
342
-897
3543
-3663
10
2215
-3014
3076
-210
3510
-140
1858
3735
3348
-4917
-4533
2269
1967
-908
-2524
-2006
4283
-805
-2276
-3504
815
-4795
711
365
787
1374
1320
4945
2035
-1542
3080
2941
-4557
-3646
-4245
-1144
2308
-271
909
-4911
2422
-1410
-1819
1830
-3520
3399
3588
-3825
-1327
-1349
-2095
-1816
1483
-1469
-2741
2916
3290
3987
-1534
-2758
-1177
-453
2619
1832
3483
-346
-4610
2647
-4843
3497
-945
4327
1150
4389
4507
-3428
4812
2973
1416
-3090
2599
4718
3149
2294
-4651
2927
-927
872
1257
-1649
-2924
-3391
-2338
-2363
1485
-2595
-3417
-556
1488
2989
-619
3276
-1989
670
2707
-40
4571
-3396
3089
-1705
-3323
-2755
2055
-2442
-1917
2464
-283
2348
3179
-4099
-2296
2055
3745
-436
-2778
-2319
3396
1203
3650
1244
1082
-268
1180
-2421
-2512
1842
3514
-1576
1623
-4485
-2265
1262
1089
4000
4901
-2053
4304
-771
-1188
-1654
-484
-4005
-4699
2918
-579
-3914
2236
4415
-390
2230
1877
-4434
1531
-1151
-680
4456
-4037
-2723
2214
-2258
-3375
670
4728
-1931
-3452
-504
3584
4716
1693
-2577
-4412
4699
-4658
-199
-605
3179
-1139
217
-4761
-4106
-578
1108
-1718
-1766
-3761
-3426
-2732
2316
2836
-1767
1855
-4203
-938
2454
-3789
-4091
2531
-206
-1141
-4712
2208
974
-3402
-1486
3832
3448
-669
2933
-4169
-3235
4087
2605
-1398
-1811
-915
134
2502
-2415
-3617
565
-3700
2379
4586
-2711
-4365
-1194
-2102
-4586
1920
-2058
2245
-2815
1404
4025
3158
-2327
4240
2181
139
2711
2510
-697
3991
4102
4884
4130
-3931
1150
-84
8
3451
892
4353
-2110
-1809
963
680
4353
-2021
-2701
3974
2832
1977
4116
1761
-3074
-3069
-4742
730
-2974
3667
4997
3970
2269
-925
4863
4578
-86
-2446
-4817
-3915
-2425
-1351
4183
4412
-3111
-4552
-818
323
-3377
2291
471
469
-1687
-382
-3893
-1398
3560
2361
343
-1994
-3429
-1053
-755
3618
-1231
4312
-4973
-4498
4152
-4921
-4444
3037
-3721
1179
695
-895
-4859
3138
2863
4725
-82
-4672
-626
1170
1552
1246
-1613
-3748
2807
-3679
704
3083
86
-1556
17
-3646
-426
-2047
-4032
-4403
4561
4775
-1809
765
-2505
-3060
3087
3117
-1584
-3146
-4374
4512
2819
-3730
-2888
942
2159
-1171
-1555
-1883
-1106
1137
1668
-4661
328
-3503
-3677
-838
-4825
2615
923
1499
436
2116
-4901
-1031
1450
-106
-3489
859
-4330
-1000
-1469
-4125
1305
595
-2348
-3276
-1999
44
3865
-193
-801
-559
-2448
661
-2776
-375
2304
-3111
3006
2515
-4567
2656
-1557
3997
-2206
-4597
2017
2829
-4798
1091
4322
3776
2161
2149
-3986
-1614
1465
-4911
2229
4034
2361
-2515
945
4133
2991
2273
2419
-3039
-3936
-2376
-3027
-2345
3352
2186
-2620
-3842
-4574
4029
4273
-4961
-3082
-2517
-4096
35
-1935
4276
1626
2612
3533
3724
-1642
-4957
-2217
-1725
-3213
1605
4801
-2238
-1310
579
2765
-3664
-2952
68
4222
-3890
474
-4533
-483
-92
-1789
2410
2500
-935
-1162
-997
-95
-3298
-4713
-103
-3227
4892
140
973
-4930
3575
3138
-4158
-3459
2634
1953
-246
-2263
-4472
-3191
-1943
-1281
1416
-1005
-3110
1653
-4380
-585
-3503
4274
-3694
637
4250
324
559
-2424
3936
-4550
-4782
-2714
-4919
2370
-834
3591
4630
3211
-4308
-4833
360
3497
3522
-578
23
-4245
-619
-47
3693
3360
-4420
-3072
1107
-1323
-541
1634
4307
-2006
-683
-3623
-968
-3204
4216
-2585
-4228
3264
-2835
2774
-932
-1852
4931
4287
3990
2797
-541
1417
190
-3319
4958
1086
-662
-170
-1221
-2576
340
1468
3963
-75
4921
-2621
-2435
393
648
-2574
4451
-4271
4839
3895
2833
-2415
-2554
2347
3126
1114
2343
239
-2579
2949
4692
371
-749
3460
2216
1468
-1826
575
4442
-4964
4466
-4973
2542
-3109
-3625
4118
-3580
2099
-2322
-2860
-500
-741
-4598
-1042
-2491
-3237
-4877
-1553
2660
-456
2094
-4670
606
1081
-1334
-4184
-1208
-4304
-1563
-1726
-1349
221
-1983
-103
-2254
212
-4194
4476
-4032
1978
3326
-4535
-3624
-3711
3764
4579
-1528
-3908
3616
1431
4246
-1439
-4181
1591
1897
-738
-1940
106
-3546
-4083
-870
2031
-3956
3498
-800
2313
89
985
-585
-4836
2776
615
1524
-745
-3476
1269
-2877
-1005
4379
3760
-466
658
3883
2412
-1729
-313
1094
-3462
667
4639
1759
-4576
3845
3542
-2228
4314
-2914
-1349
4162
2174
2259
-4296
-1836
876
1552
714
-2384
249
-343
2176
320
-4306
-1424
-874
1213
-2656
-2127
-2164
-4159
-3036
-3992
-2898
-634
2728
-4766
3577
3895
3683
-4011
1181
-1281
-2951
-2477
1690
3558
-720
-1257
505
2879
4311
-1751
-2965
-3872
4468
4847
2820
-1287
3658
-4701
2189
4892
4265
-403
3707
-328
3326
-1189
527
-1894
-3866
4572
4376
4374
3677
3944
4050
-326
-1278
2753
1846
85
4782
1154
261
-3883
-4679
-3119
-2018
3228
-1380
-3807
1218
-2484
59
1854
-4052
217
2399
-4354
2218
-4577
-2035
450
1469
1869
3547
-1606
1481
-3985
3852
-4148
3334
-4272
