5000
56 19673
50 18035
39 40343
56 29014
57 47013
3 27533
16 4190
54 57871
50 44883
16 40334
31 38069
28 48687
57 2100
23 44882
48 54421
37 33194
50 55525
25 57341
1 466
44 30106
55 15163
28 11561
27 15353
27 12413
52 2026
6 57037
29 33831
39 26297
32 12012
57 3673
22 38399
24 49252
52 21333
9 10872
55 51626
60 381
7 43683
9 44248
40 4302
15 30048
32 26432
35 58890
18 30605
21 38216
43 26322
57 59687
27 3985
7 4996
53 26882
53 32260
21 14569
15 52338
23 36393
16 14354
18 52863
28 26977
22 44091
53 43171
5 31145
22 22031
36 32628
36 21523
17 733
19 45107
6 22801
42 31193
47 28439
20 54478
5 52178
21 41844
32 46441
12 25232
53 58965
9 13867
33 17459
30 26817
58 46597
21 282
1 43464
51 40646
23 54904
50 41864
39 55085
58 17470
12 28602
59 43795
56 44902
22 59408
17 42687
13 23815
35 38957
42 16536
51 14262
46 54872
52 57886
48 44902
21 49883
2 23990
18 57991
54 22419
23 55754
20 52993
23 32418
22 3467
55 51568
45 8115
11 35013
1 36494
13 54555
28 3784
33 38091
22 23683
59 55041
52 1612
57 35182
18 54144
11 11900
56 49926
13 46454
8 33124
20 46235
30 26602
3 38707
40 45512
29 42473
4 47868
58 47863
32 5211
14 37623
59 32116
9 23674
30 54373
46 52230
48 23143
44 5299
47 22972
12 45145
16 7316
46 33060
60 35543
34 29678
51 28116
8 7476
47 49692
8 42036
15 51980
16 31921
3 24457
58 19291
34 3852
30 4029
58 27445
18 45215
8 36560
5 3232
33 46486
16 37732
26 42579
44 19631
15 31987
36 2873
30 52508
10 42167
60 30408
3 19998
50 46726
39 6377
8 35364
30 50054
16 17065
37 52540
30 5964
3 45440
53 41146
9 12761
15 12599
7 2975
14 56250
24 40404
12 55430
1 17864
4 57453
38 21984
42 3249
36 2973
10 33324
39 14062
35 6325
33 44379
51 56703
8 51748
20 471
57 14848
11 4386
32 1786
52 43792
2 32996
10 36923
6 37495
26 44413
39 59602
10 56476
55 20730
4 39948
57 4693
56 5105
13 51339
32 34558
26 33894
34 33861
2 16197
23 39247
43 24314
41 46211
36 13597
3 40545
37 22897
11 6545
16 5411
47 57165
12 11311
60 16201
29 50987
21 2860
26 39025
11 12132
26 40494
52 2940
25 13262
53 41798
43 47696
22 13340
11 8072
7 40387
27 2422
9 55377
28 32165
19 4000
59 3799
50 43550
39 39253
57 1445
24 27873
56 12449
27 34869
4 39792
18 57137
40 14216
13 50713
36 10283
46 4518
36 57541
10 20794
29 4112
18 56840
40 18485
46 44968
42 25638
49 45536
35 6822
7 28273
9 8420
1 6401
28 21735
9 46741
47 17779
26 54598
15 12469
31 20139
58 24477
11 23738
19 59406
5 21312
59 55382
9 385
40 7796
20 29716
54 15563
44 45890
4 29569
2 12733
48 47829
46 57286
52 45811
1 7497
9 22285
32 24451
51 21623
51 34945
49 18575
29 30162
35 50092
25 8002
16 1515
59 24713
27 59454
12 33884
30 15741
32 17223
39 10773
60 52922
11 14648
49 10409
54 38218
41 1994
31 43411
45 59960
28 6516
58 34325
42 2896
22 32425
20 31623
18 43727
16 57340
51 42074
17 16714
9 32053
43 26451
51 49661
4 58713
4 47319
28 39678
23 22478
37 51022
44 28220
7 24892
3 37850
14 57172
36 10192
1 394
46 44441
23 23559
7 1633
5 29627
57 41154
31 58947
11 32575
17 33779
30 9341
58 17681
9 13166
27 36699
2 25440
35 39558
19 30775
6 3501
27 46551
22 55318
51 26593
41 51214
7 38417
45 12293
25 59370
5 16524
11 189
27 34386
9 22888
39 32588
21 19794
26 52642
17 30585
1 15863
33 19548
12 36755
44 18949
58 46818
59 32207
39 22048
55 33472
42 43131
23 8679
13 22238
21 719
8 26645
48 38716
58 21140
38 15643
2 58519
46 16875
50 46752
44 49497
3 37977
14 20432
10 35581
14 49069
47 57762
12 54132
11 58121
5 40203
19 32086
58 11363
60 38512
6 21319
44 48746
41 33270
18 57942
3 49523
20 43090
5 45525
30 47821
15 46142
53 39505
17 11822
33 16411
27 42060
44 6266
12 4188
55 19808
57 25921
46 29960
11 28848
6 25163
26 18385
53 16169
4 44356
7 7921
18 56466
21 37284
43 11078
8 16868
43 13091
43 49912
56 6941
14 19316
53 50027
37 55520
55 35075
47 24555
46 12294
5 16898
52 23414
23 22445
14 59071
22 27810
21 22685
50 21512
56 855
31 54679
22 28442
17 12716
38 40838
18 30302
5 47394
42 14814
51 31230
15 7472
38 46960
21 30267
16 9233
48 4343
9 40161
31 48208
37 607
42 10318
20 4436
8 24241
8 12037
10 44303
45 58432
24 42512
25 50169
51 26305
41 34941
14 14630
1 35671
45 30611
5 53562
35 56997
6 6089
6 30966
14 1880
39 54863
56 1682
4 21080
44 5436
20 4129
3 6443
8 8139
1 32043
51 47884
51 22924
1 41485
20 17785
26 47554
9 38612
15 37168
6 17107
9 41307
18 58585
23 48038
3 40225
1 44626
49 59930
20 53494
11 43419
7 49154
40 31852
18 49209
45 42145
24 33353
39 31639
31 17560
24 55367
7 35529
57 37628
26 32476
60 43892
52 25171
31 57718
58 42939
34 1643
2 2886
40 681
25 33684
21 36004
49 46505
58 54705
15 5836
39 18014
17 13202
54 17974
49 6027
58 28460
31 38839
28 21422
22 332
6 40077
60 50906
54 39701
53 25952
45 51382
19 3884
46 27869
17 12298
37 42835
24 58171
60 38515
35 13576
17 55626
22 2183
35 45450
54 20883
28 26974
43 32194
50 5002
33 13436
27 38745
11 4768
14 57237
58 26651
30 2651
60 51959
8 42457
46 21357
13 51220
13 31493
3 40281
3 49758
36 4273
20 47612
22 4568
44 23267
54 46477
29 12418
3 51360
27 3106
28 48386
37 57431
54 19820
56 12364
56 37737
12 24439
29 4212
5 22878
57 8893
40 9011
45 10573
55 40356
58 42690
1 21510
16 57040
46 40515
48 51385
8 55763
16 37914
15 23394
26 43148
13 47518
3 49544
37 12327
20 50473
24 53771
42 39283
26 6522
30 28841
22 8939
22 13139
58 53438
9 7421
16 342
30 12232
42 17302
9 18658
48 28896
40 28012
36 12280
5 2745
58 31366
35 18727
49 3818
21 8206
44 50512
55 54137
45 6267
27 27472
4 50797
5 28535
54 19792
35 34484
13 52690
52 19100
45 1510
38 12300
33 38653
39 39791
44 567
49 13491
60 48145
8 23805
47 45478
37 14319
27 45774
42 46001
28 5825
11 53400
18 12927
19 3034
51 51224
36 13037
5 50077
55 36754
47 39227
2 42780
57 12626
29 50100
57 20616
60 59426
7 19167
51 25258
19 51105
55 8606
6 47548
54 9611
4 52331
9 53400
25 30568
18 14451
23 53576
42 51173
41 53140
17 36244
44 16430
59 12596
28 45785
35 39239
48 55575
2 7809
31 20099
19 14773
44 29272
38 1407
4 41234
55 32824
7 20021
51 47743
38 39774
51 11017
59 5242
13 1490
60 10830
42 2156
37 36605
18 1561
5 57328
33 5674
29 28010
50 30946
25 43975
18 13694
13 13900
42 44962
35 57535
15 14009
21 51708
33 30103
38 49402
14 8106
22 49926
39 16401
53 32131
8 10387
31 28118
26 59070
23 43988
40 6706
10 12903
20 21583
57 56320
13 26384
59 38025
46 53901
58 25975
52 13206
8 8844
45 57361
60 10051
26 43202
54 13437
16 46808
21 43823
37 11014
16 39215
1 16773
45 1904
51 32400
4 35998
40 12292
50 10965
6 36089
40 35526
18 13449
47 58105
11 34750
30 35307
46 46371
19 25991
59 49323
6 56161
33 1966
53 43573
54 34690
40 48716
27 21187
4 4633
19 30148
20 25549
5 31951
30 44955
12 4479
47 17269
30 59345
41 43867
9 14414
31 39466
60 2782
31 52080
59 25699
12 58377
58 59004
58 45342
2 13967
50 42052
51 3753
56 23878
44 2256
41 17306
19 4290
23 47321
50 12503
40 50334
47 26303
15 22901
35 8408
15 5470
44 20254
9 41246
55 35357
41 43118
47 29427
2 15598
2 1938
6 10503
42 59371
27 57463
4 20270
55 13349
21 13229
58 51746
34 13943
41 4875
40 4330
1 44938
17 16984
45 30898
52 43532
26 13134
54 59774
17 36824
22 4693
1 38840
20 57792
60 52888
15 23109
16 50169
14 39644
23 23959
1 26136
60 22075
17 56593
33 27967
17 52557
38 20260
28 5345
14 8607
17 4291
58 7316
41 12651
14 9455
44 39130
12 6962
10 55852
4 10005
3 42091
17 8879
6 13002
37 15807
57 26540
42 32594
32 45825
38 55653
41 15413
27 32444
54 15359
15 24810
60 18145
17 9450
54 45436
41 12146
2 43622
18 20566
8 17756
14 57718
10 46697
6 2786
32 30212
24 24485
54 4886
34 45279
24 24907
26 25759
33 41157
33 24293
35 20801
14 5019
27 37900
29 57257
27 37397
23 17354
55 20815
28 21010
48 52564
56 8869
14 58336
59 26005
26 44494
42 9627
60 47697
40 53865
24 31303
4 29032
16 33228
30 9034
36 41337
29 25221
30 46172
13 39407
25 50646
16 43437
35 50742
60 29626
22 35122
33 11568
44 54274
32 12128
18 32473
54 27724
11 12706
58 20702
39 41110
49 48237
10 34723
55 26051
50 21026
1 15615
14 35646
42 30870
53 7651
37 32774
3 9968
50 22819
46 53244
9 52014
5 3139
19 48777
42 20992
30 39695
29 18519
8 53220
32 51704
19 51160
41 38683
35 53450
32 35435
48 50935
25 5773
40 56192
8 19628
45 36658
54 28015
7 42259
21 30348
23 52311
46 43384
45 57863
16 25867
48 2443
24 37115
6 33559
34 3956
25 20749
59 55113
53 14465
26 12251
17 52426
49 2904
28 1743
33 16524
22 38746
19 53443
31 40202
36 52835
20 24036
34 29789
11 13187
43 9964
6 18316
34 21958
11 45418
37 11287
47 27587
3 54547
56 50658
32 39248
6 54048
40 50011
53 47974
9 38777
59 16074
5 37418
6 11658
43 3460
11 37545
15 2543
4 31410
43 36792
33 19102
17 2480
7 43247
3 40600
48 53058
54 12499
8 52034
56 28591
53 27693
24 3313
18 57938
32 10456
59 57149
38 23903
31 28526
2 18228
19 10675
30 15835
17 44056
4 1959
37 50226
23 14285
17 21724
13 52270
39 50341
18 29860
27 13938
6 57776
40 44290
51 58890
9 17313
12 42202
19 15271
48 36224
48 11251
55 56735
56 51809
2 58285
41 23561
13 16992
40 53834
18 59609
52 47674
52 47360
26 22878
54 14755
53 35784
25 56911
3 45465
2 8941
6 43264
31 36752
42 3535
29 29805
53 41736
37 40161
6 21439
12 11773
46 6741
42 49182
14 34996
2 35295
52 47207
21 34673
16 58825
59 25423
10 52657
6 52638
56 45979
23 2587
28 23505
16 10020
12 8091
48 38770
22 50208
7 32835
42 558
14 9022
37 3001
13 42107
11 14247
23 39986
41 39304
24 33523
12 12294
12 34271
32 31805
18 48145
27 24335
44 39838
53 11539
29 58849
57 20896
27 25695
3 27332
38 29091
18 58969
51 7045
35 44630
17 44831
20 55978
44 50317
43 7857
16 6507
12 44795
18 35199
34 49464
13 56836
52 53318
4 52450
14 8155
27 3106
29 36921
38 1488
30 48443
20 28443
4 5983
53 6321
59 7122
42 30706
2 28913
27 26138
40 31558
24 2718
60 26246
31 57378
19 15048
7 57070
20 21445
47 22704
57 7195
10 55740
43 12245
23 35573
37 45590
3 55873
56 24129
27 55809
48 39853
3 11948
27 11772
43 29385
43 3530
44 41448
41 28655
11 37678
28 54009
58 42242
3 50488
5 58438
13 55612
3 56768
39 42357
36 24171
53 35892
22 13762
9 45033
25 37797
54 48943
48 711
29 52665
29 25183
29 52869
22 12776
18 40331
59 42382
27 59152
22 58753
32 35744
33 21559
8 6395
50 27801
42 18702
60 32091
52 15373
40 50959
51 48359
25 51512
23 12033
34 4654
56 676
60 5233
36 48046
7 51518
12 56855
10 21597
7 9542
11 54664
45 12117
38 17876
15 2575
52 30175
1 20408
32 12161
46 11040
49 34360
5 27302
13 55355
28 14270
10 28983
49 46148
29 37214
34 42990
17 6515
20 49612
2 41005
27 40282
22 10699
33 21315
16 17310
10 52291
47 15870
36 45999
5 26459
5 20045
10 41707
46 36307
58 20613
34 56760
44 4378
54 34979
17 6506
52 26885
22 18185
60 44527
49 54146
50 12964
28 38086
8 12623
9 50231
31 59382
31 8007
22 7459
59 40008
30 34955
57 55851
54 40578
27 6954
9 51168
1 17160
28 22103
26 4091
57 29478
45 18646
43 19684
35 26186
23 1762
31 21196
60 8443
37 2399
19 18808
59 6630
10 15266
17 44202
11 59904
6 18233
7 8636
18 7192
46 12339
37 24029
8 50007
19 51566
6 52648
21 24225
15 50261
32 49191
9 23347
18 12390
55 29169
51 23693
43 16930
30 35345
25 8148
21 36999
33 4241
23 44167
7 531
57 30381
53 28460
52 41432
60 2089
31 25755
20 45754
25 50846
14 45343
33 26360
58 18293
29 37164
21 25667
53 27202
23 10887
51 51742
6 9328
5 52882
50 46725
56 55636
47 26288
45 21274
32 37118
59 3068
43 50877
11 45558
9 8572
37 36290
15 27651
50 27716
57 19102
53 50547
42 55250
19 26190
58 34581
1 20044
36 53251
7 38133
42 48138
12 15840
60 32681
42 29657
22 58356
18 35909
49 6996
52 35940
47 30780
20 53291
25 27128
22 37375
10 59533
27 11967
25 9860
2 49497
28 10657
37 15540
52 59493
3 1899
17 55660
22 33193
3 47044
2 55113
34 30959
25 35134
9 17753
45 6889
45 14262
41 46395
49 49037
59 1415
46 9944
28 25489
40 29054
58 45240
8 5173
37 4698
45 21321
5 27155
56 9150
30 28032
25 58106
26 58513
34 9589
18 23400
34 47761
33 58758
5 52738
4 35467
12 30638
17 31409
5 26980
12 22463
32 47978
23 36386
5 15160
10 15471
53 21339
28 54813
7 11714
32 22681
43 33191
42 50009
15 38849
46 58408
7 6177
20 33639
21 6434
8 10397
28 26839
20 48841
24 52425
42 46504
21 43979
15 47519
47 12747
5 23384
27 4667
51 55407
6 21617
23 37050
54 42425
36 18388
16 7856
30 30215
4 41633
32 50992
24 6443
3 7093
35 13941
43 33464
34 7566
38 46345
4 23070
39 34699
10 34376
18 24341
42 55124
33 37185
4 11304
48 23633
44 13952
25 19411
33 33012
38 7516
14 39756
11 55679
44 30924
1 43770
31 24538
35 18038
10 39735
4 20701
7 55349
3 1304
13 976
50 28988
22 37371
9 51348
14 40519
23 11000
35 19416
1 43917
19 48491
38 13937
42 1233
9 48785
1 6416
10 31429
48 3163
12 44699
49 6828
18 13724
15 18757
40 39514
23 46195
22 10357
25 38668
48 12194
51 55171
58 33475
2 27658
30 39057
21 29101
12 50720
14 36440
35 19226
52 13405
30 42639
53 24800
35 2740
32 35553
47 9871
22 22289
26 55184
7 45631
28 19105
13 4295
47 35646
60 12759
1 43217
6 42289
18 37416
40 9222
28 36671
39 7969
20 17040
18 3079
50 32739
33 22612
19 16784
18 23400
44 34114
44 54185
33 18909
31 14618
12 8990
55 21738
9 22946
28 26507
15 34181
18 58581
9 35002
51 16473
29 50841
12 2449
11 38426
35 53795
10 24812
59 59688
47 39090
45 1283
57 39744
58 30015
13 21944
58 59602
52 16629
17 29193
9 56014
14 6146
1 59078
21 2229
58 35935
31 39153
28 25770
19 17579
59 36081
23 40605
55 7184
37 29781
9 27234
28 28504
1 50102
14 18376
18 29544
32 17253
40 32232
12 7095
34 4392
36 52978
9 3725
30 5943
7 11111
2 51055
43 26461
14 39817
15 25149
60 53330
41 10301
42 24677
23 14620
56 26842
32 39283
21 24915
11 40679
7 15635
27 47842
55 58670
57 8176
30 17099
57 53105
23 42429
16 9540
52 48564
34 15043
58 10455
36 3361
32 42876
58 29947
12 19038
48 6010
51 36035
38 2410
45 5481
27 18282
6 6124
19 6353
50 27531
8 27991
6 44667
16 34481
49 55715
4 35304
2 42228
42 1300
24 43026
32 53161
47 22794
45 4823
12 37902
41 42723
42 38281
52 12717
5 55351
55 14556
29 31519
8 4997
44 17203
60 41254
19 41637
27 59473
55 10244
4 2823
27 21161
34 47885
36 19814
39 15892
49 19025
44 4138
33 7866
25 57095
9 10337
50 40614
18 33601
32 54526
15 2568
44 11763
56 34298
33 4818
12 8659
31 55491
26 38096
58 34254
49 48574
4 47952
19 24183
35 6668
40 50360
60 10773
43 37096
41 15516
30 59306
38 45546
26 20824
13 49598
31 9202
17 1564
59 6098
20 38932
41 25354
45 37215
18 18970
58 49884
59 54349
35 5538
5 13360
42 40713
25 7501
59 30921
2 42662
50 49605
9 7375
25 48879
13 41407
15 53540
12 54787
8 13416
36 36856
58 24540
2 55346
30 57565
10 28286
9 52121
4 9941
45 15815
20 4146
4 17578
11 58697
57 9747
10 49559
28 55492
17 33467
25 14942
14 25275
23 21193
38 37405
55 15376
4 48502
43 17371
12 7811
38 15818
40 45126
5 10776
16 29035
52 43655
11 25924
9 26683
16 10054
11 54388
23 19206
16 56253
23 57735
39 18145
33 19456
22 57963
45 50804
3 25863
30 53016
56 38678
19 46224
51 16524
12 46040
29 46713
1 43359
50 46912
13 39256
47 244
5 9026
15 6881
15 55819
50 36936
48 58863
21 11534
48 55523
24 38884
44 39803
28 18512
40 11465
32 10335
42 17177
59 37136
38 45947
35 11233
52 12580
15 33446
29 49746
36 43231
55 7220
19 194
58 33655
8 41683
50 27238
50 56170
45 51634
28 41585
3 10371
3 44787
60 50463
49 37941
39 49496
4 4882
8 7773
22 35358
35 56192
6 50605
35 14399
34 39912
20 24629
49 22348
9 2295
19 14543
43 15242
51 42191
25 51259
18 51899
57 805
27 42648
41 41809
29 34681
26 13405
4 46562
47 9042
49 23672
50 43288
57 27822
23 29967
32 49807
56 46632
2 34174
58 19386
20 55386
34 32570
40 33593
25 59323
38 25137
28 9344
23 25378
50 37590
16 22698
9 5522
34 31883
46 56055
2 26335
44 28037
59 33512
35 32530
32 31773
49 35796
6 43094
24 21326
21 3457
54 15773
28 38233
57 45661
1 46651
19 6570
50 20714
14 5937
3 16189
43 56640
41 26657
26 4874
34 10931
17 45380
29 26715
26 42895
53 10201
29 12580
59 36677
56 19900
33 9122
38 57486
50 1321
37 25914
58 54413
56 18977
14 34250
56 9427
38 44243
31 28676
3 28520
52 30660
38 368
12 44134
30 27765
8 5643
57 27043
35 25824
53 14391
37 21120
36 6084
21 5950
37 43577
2 18641
40 52528
33 56203
15 7920
46 13762
53 13821
20 57355
46 29924
44 20084
38 40949
2 13741
35 27956
50 38592
57 15436
23 38722
33 8452
12 3758
34 23700
11 1648
50 13572
3 14006
29 40811
59 19785
1 9324
41 29588
55 40398
46 18746
15 6100
32 17837
12 10190
43 43073
20 48186
59 53131
33 1324
31 9822
1 5081
31 34536
50 5335
38 26660
45 24075
31 8973
42 9432
49 58214
59 22768
52 14693
13 5996
52 45600
22 2570
37 17548
23 246
58 45611
28 32954
51 32070
33 813
13 55500
41 23407
60 21928
1 26466
39 2512
59 37675
42 15277
4 22787
56 38864
30 38507
24 31177
10 36244
16 24545
11 44827
11 30010
31 11937
42 18080
57 7881
22 34362
13 15385
17 22999
37 48754
59 11312
24 19411
26 5041
48 40700
49 55596
46 2002
49 16641
32 18196
2 3161
1 8412
23 50652
35 15786
48 4196
24 15587
28 8832
19 40475
39 43625
21 21176
44 57455
6 48959
34 49884
3 12984
2 53960
53 29586
47 35487
52 56058
21 44188
15 19509
1 27143
12 12048
51 57837
50 8683
17 22613
45 19155
49 58665
19 55512
16 45920
59 52074
4 37141
33 1221
8 29412
39 25288
44 33459
30 45464
2 21786
34 42643
24 12994
10 41116
11 28933
26 38984
28 15745
25 8334
26 24739
23 18667
29 33791
34 43903
22 54426
5 56587
36 18107
15 19738
4 48665
40 26837
39 10393
55 478
52 43459
34 47069
42 52107
3 58599
34 40238
4 20470
6 27277
53 51932
31 17025
15 21761
3 46484
54 19394
41 26278
38 1417
28 48067
33 46904
32 44598
37 9272
34 57099
56 17663
33 55918
30 48982
45 47052
56 47270
60 11703
54 44468
2 54751
3 39927
19 15549
31 48889
49 13135
11 31356
34 11840
46 16001
45 49360
59 12093
19 28355
1 2629
20 6190
25 27897
48 36202
24 51795
60 19935
9 56861
55 8551
31 48565
11 49679
6 7897
28 56871
51 39602
41 7075
26 44267
57 17970
26 2747
43 43733
27 42368
17 49826
12 2629
39 48189
56 55352
16 59013
1 57335
23 26935
36 26131
28 394
21 868
35 14112
22 37216
57 24540
60 39067
25 20525
34 29042
14 20568
55 19018
26 5670
51 372
33 23122
44 10265
55 52392
52 12018
36 14964
18 36584
16 57905
14 58686
49 18932
39 10329
27 43583
60 10768
55 20783
45 5392
31 25408
18 56990
31 47340
37 39023
30 37735
49 35936
10 54915
51 30082
3 5128
18 17674
56 35243
12 122
3 14758
31 59822
17 32021
21 12610
56 15299
48 46754
17 10391
16 53454
42 16355
3 59619
21 44629
11 31341
29 7401
10 45283
54 34509
25 7407
7 8943
14 22858
56 22245
42 17436
43 10604
52 26354
16 10924
42 50688
44 24631
43 19319
23 28056
11 27955
4 49888
18 7093
32 28004
33 15744
47 41172
45 10759
45 45963
14 30015
16 48551
44 39147
48 41442
35 52427
52 22996
5 27821
51 31717
3 29476
56 16598
23 27294
8 28095
57 4442
9 55714
11 59175
10 40657
30 15893
3 5140
24 3648
10 55553
47 49013
37 28363
50 14722
46 51988
32 22299
42 18600
60 28850
50 40500
35 49657
58 21234
4 33965
5 23265
39 35655
53 57003
31 14733
11 9367
59 29240
29 6388
42 49399
40 9481
38 30509
36 32922
53 29622
36 49960
14 24175
53 10301
3 49966
27 44166
32 6949
1 5079
60 1772
27 50798
33 43561
54 27171
7 35618
6 1492
31 26892
37 34044
39 44299
19 38015
7 41607
43 52485
1 52061
25 28752
37 43687
15 55814
40 7168
36 56040
23 47190
33 48902
30 12974
37 45707
20 14105
6 54060
51 51596
13 166
46 30841
29 47819
27 52566
33 24793
48 43793
6 24365
41 34270
44 39964
3 2340
1 35231
42 3502
53 39046
17 52702
16 53278
17 7871
53 53516
2 2829
6 41233
51 48102
3 32429
20 54227
56 10444
19 24667
15 57552
46 50827
44 34603
57 35593
23 44783
36 44041
53 17261
49 52518
20 41821
1 2429
7 47105
51 188
3 26427
36 19177
25 9816
31 59471
44 48511
26 43942
55 29501
33 4238
7 36418
33 31766
21 44403
59 470
23 3795
34 12499
37 16859
32 21936
3 45013
33 54958
54 58259
53 54864
33 40787
32 26700
36 25177
14 34639
4 12301
49 29302
19 39437
12 34321
21 10821
42 20738
44 19557
9 25596
38 45417
7 41758
33 9537
42 49704
29 27249
33 44270
55 1551
49 20502
13 10077
32 46535
20 57679
14 15651
25 54983
60 52932
6 30422
46 19906
50 11146
4 37620
6 58109
26 9962
35 16832
23 16057
43 10913
34 5899
60 23463
20 2093
54 28715
21 31763
49 6116
1 59648
28 29776
4 16273
31 36393
51 21784
33 20130
52 17139
49 29637
25 32341
56 38976
23 34672
30 29613
14 39405
21 21042
22 56856
30 48561
53 10848
39 56203
13 22171
46 6557
1 36775
6 535
37 46169
46 3305
51 35123
34 18340
7 17962
31 31632
46 43439
20 11313
13 38400
24 14046
11 32911
21 49035
49 23441
42 9084
40 5949
7 19073
60 53711
51 30125
54 14236
27 33855
21 38792
56 42376
29 6972
9 37449
58 23939
21 14896
46 38971
6 10929
51 25113
60 36570
23 52866
20 795
12 22551
31 24588
41 18318
17 25783
21 57873
18 44352
25 40045
57 32634
46 18498
4 35869
56 23017
5 13387
8 58672
40 19890
8 23524
33 50545
6 4574
9 40448
31 53911
15 8796
16 9314
56 29432
11 45653
22 3182
48 27233
29 39431
42 19170
13 42891
32 33658
44 59798
60 55505
25 15229
30 144
20 48298
12 31315
5 4165
24 54823
59 36281
1 19535
35 5056
8 16
40 53181
55 13528
35 40143
38 4639
41 37121
20 45966
59 14009
39 5140
52 44956
13 9458
59 38090
10 10901
20 50765
60 54398
22 37764
21 13193
45 4396
9 10366
31 35922
29 48006
54 44699
18 34104
14 17720
35 46011
55 9289
6 50628
28 22029
50 6637
58 20352
4 22686
37 337
46 40167
42 19151
37 42842
37 26626
56 56543
35 16970
43 51218
22 55948
42 22276
37 42484
1 48674
33 21834
2 42713
23 3867
30 27630
15 14662
1 34289
4 28936
7 5310
25 5928
45 14373
45 33200
46 39059
7 58083
60 27439
12 5171
37 36611
19 53186
29 35762
35 41211
48 39766
12 58056
53 18362
36 9419
2 2786
15 6887
44 34684
53 28127
51 28238
47 38262
3 36598
26 8514
58 50139
33 15352
2 20390
11 10031
33 47323
38 40570
15 19156
2 9388
44 49960
30 20737
24 39223
24 18406
31 27396
15 9161
55 2270
11 1109
12 1892
41 18797
16 31510
28 17565
42 8766
3 34579
56 15077
51 18743
56 12833
50 17971
7 7204
13 25061
5 55567
54 53438
58 32524
43 31313
54 16144
51 36598
14 3220
20 416
12 42723
30 5280
49 23001
24 42202
40 30647
43 59966
5 51838
23 51180
21 46946
59 19209
28 15011
34 9480
6 23179
10 32862
33 39683
11 8010
13 43839
38 45228
49 41910
13 46190
37 56316
5 36568
4 1312
4 41193
10 45448
27 38541
46 13375
54 53657
28 34603
47 55562
36 15646
27 54887
33 47287
20 38270
27 6846
15 10311
15 40265
30 53822
34 7291
14 51688
7 32911
48 48719
38 50898
42 34396
24 6469
21 48477
56 30496
8 13781
35 22698
14 47727
57 27801
28 6950
18 344
7 44418
9 39535
28 21497
22 5812
50 59999
35 38017
13 19704
53 5877
41 48567
35 8025
18 10039
23 51826
51 31490
31 16033
42 25849
37 34878
42 32783
19 27633
45 8690
53 1591
22 54192
32 59640
10 12132
51 43880
51 32303
60 37500
28 22349
25 13498
38 42107
3 27335
5 43497
51 7724
11 54948
26 1709
5 25036
11 9898
1 28245
29 4335
47 5697
46 21310
21 25803
12 36197
37 20352
42 800
51 15197
31 37083
30 19621
48 26519
48 46741
19 13253
44 585
53 8551
32 58665
60 10858
59 35268
6 7561
1 12659
29 10431
60 29800
43 13674
52 8109
38 21118
40 36025
10 26367
37 56069
44 8252
37 23796
5 32649
42 43960
26 31322
6 15721
23 20095
15 36981
29 3912
19 52218
57 5150
53 20149
45 32903
43 57326
35 9509
21 3324
42 33293
14 18969
53 30115
5 48570
53 14272
40 58623
59 14114
8 29995
55 31563
27 17887
12 7972
7 37228
39 48186
10 36102
16 23384
15 8483
31 12402
60 18419
33 19425
5 20073
39 20653
19 30150
6 9856
25 11076
56 38887
54 24298
55 26873
33 12144
28 50569
56 24151
9 27140
7 6679
51 25060
56 24298
38 43224
52 10410
3 57305
40 27481
41 46662
56 14101
57 50983
59 25481
37 10126
43 25419
12 21297
41 15133
44 27007
43 32091
23 6218
27 25841
17 5745
34 2316
23 52597
21 15369
35 26925
34 13800
24 7408
15 12215
56 39644
40 6153
19 44058
20 42166
11 24715
16 14313
54 37434
15 34
57 36554
26 1834
30 24193
11 59554
37 21155
50 27254
18 16144
38 7309
25 55205
24 55653
41 45787
24 9298
52 18652
16 54939
58 1593
53 23016
23 21182
6 15729
34 18990
2 1230
16 9543
42 15984
40 44056
51 34902
1 20975
51 41951
31 2345
52 11637
41 9959
51 46118
1 17438
55 15020
43 11180
17 13121
56 31986
32 39462
58 5340
55 47342
28 28672
19 54056
54 21322
56 40391
7 7098
12 5951
1 35032
58 39178
60 51603
37 24040
28 8804
27 32336
38 51128
45 34469
32 27045
41 51015
48 12646
34 47346
55 18389
30 14748
21 12603
29 5784
23 59483
17 3532
56 5569
53 44762
43 9303
20 16213
8 7579
13 17935
24 41889
34 53844
27 33317
1 49421
10 28874
45 30196
9 56477
30 8973
53 37079
13 9298
47 56334
4 59031
24 13900
23 58407
16 28941
25 17132
59 55929
56 41400
40 15749
29 22678
59 29449
36 8548
27 48287
6 41350
38 20309
37 56241
59 25023
5 20476
48 39927
34 35777
52 6498
11 15115
38 5372
60 49485
37 55363
60 38525
49 34285
31 19359
44 17277
49 41787
4 56483
5 54454
38 33265
26 47635
11 53669
44 41748
46 11826
20 28349
33 12848
17 19378
16 12975
6 21013
32 23513
34 24157
32 34746
32 11789
11 55736
51 13737
47 53757
49 46292
15 10839
44 33775
27 12101
52 24740
6 38841
29 25065
38 4542
33 27691
54 55525
21 4645
28 13345
2 45125
20 58687
25 14701
32 53119
59 41612
32 34387
33 53033
44 6420
26 30703
21 40518
17 38333
21 6407
49 22169
16 57770
22 50302
20 53774
5 18608
52 46524
60 29200
52 57583
15 41381
12 51231
23 22623
23 42822
13 54442
17 53161
18 17971
13 15935
52 19053
24 27991
42 50843
56 55571
33 1513
11 11841
49 31102
56 49386
15 49917
46 12403
9 19744
6 34645
50 47907
16 23005
34 29228
54 59560
16 16414
18 12365
27 12554
22 19096
58 32096
23 30942
13 40913
6 58703
60 59681
55 30156
41 23625
16 56586
51 5807
5 23721
23 56967
21 41479
33 42511
28 16963
20 59014
51 25789
52 44776
56 43369
23 5579
45 19507
3 45324
31 19994
30 53834
46 13938
13 47279
56 32691
1 38800
3 26545
42 4201
42 351
16 49547
35 54196
48 40076
49 14252
53 3745
34 10002
17 35601
26 18146
53 37091
15 1651
22 24385
42 48848
40 56459
14 38473
41 42557
29 41986
34 36317
58 17408
8 57610
49 50619
19 16795
52 26922
33 9380
60 16359
56 55280
10 5787
60 13167
49 34337
26 47025
35 42482
25 16896
9 49271
1 12295
52 34896
47 24366
22 44048
55 36944
6 7080
42 55149
9 39581
48 32754
56 29371
22 23204
56 15123
20 41464
1 19811
14 47575
35 26882
47 41666
17 55754
38 56887
36 22088
12 14835
7 59441
28 42875
42 50079
33 51292
5 24214
52 32073
8 28804
49 39009
25 1076
39 9258
29 13612
30 43538
26 10695
27 38789
29 27104
31 46625
29 9440
57 57974
15 43049
8 6510
14 52421
36 43658
13 11420
3 59745
51 44782
5 31841
7 14897
30 4612
1 13002
23 55938
47 41365
49 32510
16 6326
33 38010
49 18015
11 56841
18 45578
48 52107
35 41229
43 51318
8 51999
49 50379
11 34067
3 52769
44 6262
1 14368
25 8349
18 26941
47 32247
25 22735
34 27621
29 14470
49 12031
25 6584
37 117
15 42442
39 17660
32 12376
39 52134
5 39758
25 12657
13 42552
16 42851
21 57998
29 6695
16 11188
31 53759
22 49015
10 31289
39 42545
45 19888
17 33832
8 5818
29 40283
38 46247
44 5220
37 48026
24 7699
27 57460
3 31466
40 40094
36 22242
40 9119
34 32350
7 42031
25 3827
26 35296
48 34733
46 11285
17 55923
51 27024
21 50089
6 40259
22 2424
20 51471
36 1712
51 19658
56 42067
2 26621
18 3406
16 4912
2 57778
35 24775
20 33994
36 4110
31 32963
8 36346
22 9997
1 40269
59 20960
52 33616
30 5841
54 59765
56 59850
23 52012
16 53249
5 53113
50 17075
3 49611
32 12456
20 27149
37 32404
54 44177
38 31177
4 46438
31 43090
33 44256
16 24183
53 31908
4 15364
39 47480
7 233
51 41700
43 33714
23 31688
45 35130
1 49108
58 50584
59 20234
34 33091
20 31413
47 27751
44 49542
4 23470
37 9631
40 3676
53 10168
14 12987
60 36208
38 55788
40 45590
21 9982
16 13471
43 17003
13 5699
8 6382
50 22498
56 53182
57 37671
13 20583
14 34723
3 44631
54 35161
20 45203
9 55517
10 45536
7 15432
22 7989
7 49122
59 58169
45 51587
5 58426
57 18905
24 35041
47 55364
59 39577
36 42881
42 11082
8 41479
30 8221
15 44267
37 49251
44 41905
6 36078
31 56474
47 51413
6 18252
27 25326
47 48709
9 19249
1 54653
36 15058
26 48435
41 14201
23 53384
15 31940
11 9446
3 59996
19 45175
13 37508
23 56976
6 52453
59 12739
6 20045
15 6497
27 55659
54 50148
14 55843
14 5659
6 41983
16 55096
51 25343
55 57975
52 41232
16 17100
34 40156
38 9626
49 58656
11 49502
48 24186
36 4800
44 45508
42 3729
3 25125
53 34989
57 35316
10 24807
5 14177
8 42772
21 48611
9 41571
38 50133
34 26992
38 1427
29 16006
43 39772
10 1773
17 7393
34 6314
3 13253
10 47263
19 5869
9 33079
44 43763
5 39942
17 25639
48 32589
48 46353
7 7454
49 56948
55 46571
11 43825
21 14249
44 45348
6 33176
25 56296
30 30479
20 59286
1 5858
44 42753
6 602
39 7422
4 58532
47 1935
11 42935
16 39661
3 13783
45 32412
40 58443
25 19764
40 23785
30 55251
28 16664
31 23256
13 5672
50 50492
35 20975
12 49631
30 11302
59 54199
35 25498
16 37108
36 39158
3 24025
36 40507
32 7382
22 54033
51 29202
45 1484
14 29770
10 23088
26 27670
34 54824
30 39213
40 32239
49 50697
35 18301
10 55463
40 45171
44 58780
19 47128
12 59357
34 36327
20 36238
38 4847
28 4178
36 55202
47 8891
25 9644
38 26292
47 4339
35 28086
6 32899
2 11350
40 35406
37 5372
30 47466
1 30313
13 47280
59 40773
24 30253
54 30650
16 16786
33 25851
35 11185
30 54212
31 45918
3 14106
49 27790
47 19352
26 18965
60 56402
27 16221
50 58123
43 10185
28 22896
32 46650
47 36713
36 52818
43 1618
3 56305
31 17895
49 37215
24 9815
21 18840
41 30369
23 54063
31 25460
7 47107
39 19628
12 26081
58 44365
56 27108
41 51116
13 57671
56 13968
11 12202
9 724
59 6315
29 39092
16 22014
48 2996
60 54208
59 39550
21 40124
58 29600
22 50058
48 6766
12 42001
4 5077
20 21296
28 40975
47 47004
40 44030
54 10939
56 7794
6 50141
32 54504
47 54946
31 57406
57 43333
15 59800
48 43178
6 43281
18 27424
37 40676
2 29695
34 48601
2 3192
57 56014
10 42857
60 24400
26 49637
40 52998
59 19184
32 10109
30 32976
9 44513
12 18129
55 47584
21 11730
35 41201
40 38305
18 45091
11 43436
18 52276
32 11044
8 21243
35 583
4 47554
49 27244
34 21066
45 39631
42 23495
13 12516
14 32080
41 29620
6 43418
40 58834
8 34673
42 31149
41 34446
32 16126
37 1956
50 17927
12 53835
7 41675
37 20503
28 11107
35 50665
53 33875
41 39233
6 41167
42 6203
41 55394
43 58595
19 9841
15 26441
45 41975
47 44649
35 6815
54 333
36 35295
32 25717
13 15178
12 14804
14 48438
3 41726
32 5232
36 38823
18 14752
3 21710
45 45659
24 59072
27 47133
49 32380
16 39841
56 37376
10 44780
8 39252
5 41153
40 55688
48 51026
17 53888
54 16996
36 3053
46 17923
30 5102
38 46591
11 31839
41 58612
22 15819
49 46089
45 35327
18 31523
57 7186
55 42026
56 33391
30 55557
54 22401
26 44059
49 537
22 14129
52 54074
41 30671
41 30173
31 17062
9 34356
58 54584
11 32423
37 55575
6 8700
38 40559
54 37682
30 42166
42 47117
17 3791
44 40730
17 42019
56 48793
14 14283
51 34019
30 9756
12 1958
7 10115
39 8361
3 50466
24 7873
58 5577
12 48244
19 15384
15 33739
19 13688
14 1270
5 30755
25 15244
15 31638
3 9464
34 56954
55 32258
31 31771
2 34565
48 4236
19 55998
60 45854
21 45715
18 12172
43 12360
57 441
60 3001
19 17920
12 57317
40 35457
48 47694
53 52752
33 38491
32 15785
14 33405
12 43022
2 46816
21 54660
8 43500
55 22055
22 9589
55 55690
18 32241
60 17400
40 39154
50 34692
46 54123
48 33777
36 43114
57 44351
5 48740
23 10368
36 2582
46 50492
21 14711
56 2978
43 9438
17 10259
3 15001
48 45420
18 23937
60 57163
29 25554
39 52232
40 28926
58 41054
49 49906
39 30126
5 41310
44 22001
44 34927
17 39590
21 17276
36 18860
39 52866
36 12340
42 9249
29 15154
31 14669
2 4708
48 6401
50 44188
34 13575
51 5959
12 11335
33 47835
4 46518
26 51968
7 41062
39 57576
27 46537
20 23431
53 30890
1 48737
36 30626
40 41872
30 34881
41 51504
14 13303
15 22782
31 7029
45 39697
39 38043
5 48279
33 14377
33 25791
28 57111
17 12431
7 20219
58 15293
38 34754
1 56760
17 14083
22 16813
34 47017
54 51962
56 43363
5 7863
12 48141
41 59293
58 11693
44 23657
6 18268
48 18629
25 6340
19 2003
22 49527
7 1179
54 294
18 14750
38 23434
42 22539
48 12321
23 28408
7 43151
51 33915
10 37430
12 7408
38 33656
32 53475
25 20183
51 29282
8 36489
51 17382
19 49145
33 58668
33 13160
3 26176
49 17267
21 56159
36 960
57 33441
13 3534
21 38683
24 4866
56 16674
41 20046
45 8018
42 31657
15 34277
16 24675
33 25478
13 13551
9 57295
11 22606
58 45908
8 1178
38 46623
54 24605
31 17740
4 38517
3 29773
6 35944
52 37980
42 27520
15 1347
42 29683
16 22490
58 45264
27 2169
39 1120
60 29881
37 4388
15 2129
58 14702
7 15907
25 52264
39 24590
51 14877
40 127
35 38013
27 42237
16 22109
59 30592
25 58421
51 45536
18 33154
29 8141
55 9501
20 36727
25 36764
32 11045
24 43479
19 4813
16 31430
34 14599
32 57528
58 37429
3 19578
52 2989
59 25164
44 28087
36 8667
48 44301
41 13586
25 46876
39 22914
3 4288
4 3449
36 52376
41 29087
4 1211
23 1688
32 4358
37 50040
41 10757
48 12998
10 46086
13 27371
57 54238
43 2833
8 38695
56 49731
46 33312
23 14124
43 15896
6 19177
15 34941
5 55418
49 3017
59 16628
27 25954
50 29153
57 53088
9 58329
14 6529
33 22365
60 19777
8 36063
38 15103
22 11701
24 44832
8 54828
58 228
53 10325
12 35216
36 29812
35 21387
39 51119
52 58211
51 25037
42 44960
49 35497
45 49205
40 28047
42 39145
45 53389
34 4166
41 45984
23 47622
37 23121
28 1253
2 31333
31 54308
38 30099
5 25718
30 58104
21 44357
7 37
26 49881
40 20916
35 2150
33 50654
58 2365
51 4330
9 2936
53 6396
18 35318
48 31169
43 11999
17 56530
60 14929
18 628
30 8723
29 39656
49 18116
28 57168
13 27265
44 10056
55 35330
6 38102
18 52056
33 51463
59 3809
7 7374
49 53677
33 23432
49 8652
57 15826
26 46256
8 32430
39 16540
51 32747
18 34641
22 27139
37 13847
6 24197
60 50732
18 21214
29 22891
20 26625
14 12189
50 48830
9 2164
23 7721
12 34253
40 40263
15 58194
45 37050
20 49751
38 55492
53 55330
10 43593
45 56398
26 33143
10 42425
36 52688
51 4922
22 1091
8 49387
30 58391
21 50267
38 55166
31 20400
26 2598
28 10131
5 55010
3 50968
58 30780
9 5766
33 41101
45 44353
30 12701
22 33363
46 20006
59 54248
22 51722
33 6025
50 35710
29 51601
48 54731
11 8794
8 39942
13 29599
36 21625
52 30885
45 12515
28 51225
10 4525
20 30779
45 44427
28 35015
21 16976
9 18575
11 47308
22 43079
31 41875
4 51239
44 43413
57 13026
24 6424
28 35300
5 18689
23 40727
32 40813
41 7793
46 23345
50 9155
43 53510
25 55671
13 44809
31 58391
37 1431
8 37097
12 49419
31 22091
59 25023
13 19323
4 35154
47 18100
29 28129
17 55668
50 37688
41 26758
6 44494
55 16505
3 6557
44 34256
56 45686
55 39624
56 32448
28 54491
54 33377
19 27650
20 15975
5 33804
41 46883
19 14082
55 10980
57 23736
18 11054
60 55607
18 52818
57 34937
8 30043
13 29437
57 18070
26 35768
5 58350
5 19676
38 46641
14 9099
13 45376
31 21641
37 19055
60 20124
55 36813
59 1058
25 5223
56 52021
38 20249
51 7054
57 14834
24 8285
11 8060
54 19244
2 53838
5 8513
33 32105
60 15821
18 47215
44 45816
4 41893
50 14863
19 29241
20 3028
54 57553
60 1763
56 7596
31 31772
3 16148
26 8654
28 34850
4 7087
58 16421
28 27896
11 38880
39 49570
56 8571
10 51790
15 18149
47 44138
21 31232
3 22126
32 34700
56 14148
49 58846
4 48886
20 42153
34 5940
13 24135
36 43983
1 1021
19 17195
60 2653
28 42066
29 20716
17 40944
41 47355
58 4949
51 13702
28 21253
15 16926
21 5455
28 35930
22 57471
10 48692
36 9394
59 9687
14 46856
42 52818
36 59032
50 32658
19 17837
5 46425
3 34168
43 54429
55 34877
12 38395
10 8537
60 31720
58 30338
51 6844
24 21193
37 23170
21 55638
44 40826
25 50394
45 20454
8 35557
4 16537
33 36214
6 7742
14 37643
57 42460
54 12866
40 24693
12 42301
47 30958
25 51710
36 1671
4 28599
17 15248
52 12655
29 23864
3 50296
51 8343
43 51393
7 22396
33 48073
38 26905
33 56761
48 19350
29 4761
7 42834
24 6320
26 15205
31 36067
48 38336
31 51151
47 46283
17 49176
6 54571
31 15461
14 33987
7 38920
24 34836
43 30132
52 28178
26 36909
35 54701
19 27762
9 52972
46 2047
30 22371
35 54990
50 3246
32 32672
48 17311
42 37500
26 47535
53 6095
12 10651
23 10330
58 39857
59 306
35 9352
59 20414
31 8626
27 11803
10 2779
2 49856
6 3304
27 52745
25 27112
1 58902
42 29785
13 3610
30 53265
50 49146
56 50902
7 11983
49 23590
17 42651
30 23816
5 19513
39 18771
22 20205
44 19130
9 32940
59 39805
46 2393
48 39876
10 18690
48 40757
56 19254
33 50348
18 1672
55 4977
17 27645
40 59717
40 36862
43 21133
35 18152
18 8714
27 10601
59 31210
20 47817
26 9404
13 26791
31 20815
24 51323
26 17060
7 18271
47 429
20 23161
23 31378
35 56865
36 52944
11 51908
7 19791
16 31069
25 18041
50 49038
28 38020
41 16127
16 11704
14 34190
31 12334
31 31951
15 35008
45 23701
47 30290
24 25611
37 2747
13 23050
19 35799
4 2714
30 51482
51 19308
44 45545
29 26531
4 28907
28 11662
25 41731
57 55302
47 23486
34 1492
40 4511
31 25710
17 40708
26 3061
57 4381
30 6063
19 25101
33 33304
9 48860
37 21982
47 4625
45 35902
26 17869
13 42206
30 12874
56 20530
30 17672
5 10450
21 44130
42 25906
16 53037
43 4710
32 58097
12 35753
39 2141
45 54136
2 44174
25 25440
24 7468
58 28057
25 12525
42 43464
8 49484
21 35420
23 54290
54 26852
7 54756
58 48989
26 38934
11 46846
59 42177
18 22761
38 42544
60 10478
10 47053
20 25903
2 805
38 1482
54 45738
22 30010
47 53484
8 56707
25 28972
8 14452
30 32715
21 1500
38 25886
46 9097
21 4193
49 34851
7 42196
9 55492
44 32607
4 47635
44 18419
55 34190
38 23349
37 54177
24 44219
41 8335
11 30311
31 342
52 6314
60 31150
17 3269
60 49897
16 54840
10 49171
43 34334
40 23809
28 6049
55 57609
13 36166
14 42146
49 21862
10 40742
6 19792
35 42424
21 49199
39 47421
43 35137
58 40283
6 38061
53 52177
36 16723
13 14908
24 52711
41 30776
45 15893
12 38142
35 57369
24 10289
57 289
27 36812
49 14222
29 47688
26 57477
12 46445
12 20283
21 6996
14 29095
52 33528
37 23507
36 24292
22 23851
50 53776
1 55188
29 11281
31 18595
4 33286
31 57063
7 23220
50 848
31 48983
40 8346
15 48271
52 7012
15 7792
12 42980
44 41162
33 38850
17 1547
20 14077
45 11392
53 33213
3 40895
24 37565
42 10409
49 38991
25 2107
16 56967
13 51433
20 53145
17 24250
39 47355
58 20333
49 31781
21 449
27 56242
50 42130
9 6664
18 55447
1 53794
46 43858
41 26425
26 45957
2 32142
47 3890
51 20411
58 14074
59 22964
5 14959
33 15255
40 49133
17 37912
51 29532
14 35811
55 33853
20 53839
60 39550
20 57017
42 16487
5 11869
44 41518
47 38898
40 5802
4 31392
39 41650
5 59218
59 27791
13 3285
44 1523
26 56972
34 50147
27 21982
21 33166
38 29271
58 53405
26 30724
10 26099
6 59080
45 57625
54 4929
43 34577
41 1123
1 9895
25 58083
32 47220
22 30184
31 54085
1 20632
42 56251
22 30215
43 1438
47 7730
47 7766
25 33415
10 33137
33 53606
2 49838
31 45742
48 12359
44 39056
4 3046
30 19390
13 49309
4 9978
3 8232
16 44623
32 11346
16 43938
59 18208
54 25897
36 37324
6 42457
53 16494
31 7121
17 43504
29 52273
17 38471
58 36574
36 28254
8 36205
19 1855
8 42414
40 46851
27 56280
16 29311
50 45764
45 57038
50 12951
12 25002
11 46865
16 26978
2 57931
39 55274
11 15477
17 41559
29 20810
19 32890
21 10852
9 10581
42 27855
12 35827
57 39950
57 38613
9 44020
39 35822
46 26197
8 42774
40 42280
49 43210
45 14405
23 37428
47 57615
3 16081
2 42380
46 28770
55 38979
37 5879
56 28875
20 35507
6 11520
12 49710
15 48817
13 15881
57 51728
10 53624
52 26594
9 13395
38 35547
21 36668
13 40237
17 37382
3 51257
53 56433
8 21728
36 6546
2 8468
26 47129
26 44860
55 36930
49 41392
39 58923
53 32650
4 16218
51 10627
27 58937
3 17547
36 31271
19 28962
17 44218
11 50445
30 45611
8 50515
49 33368
17 33050
56 46586
59 4818
45 50843
60 36960
32 40761
12 15664
10 24036
20 51552
34 15266
23 21225
57 38232
36 50477
31 58105
52 11243
10 19536
48 34718
22 15961
6 34466
9 53086
24 20524
30 19856
5 19963
51 20684
47 12714
25 19180
40 49166
38 6600
18 42974
15 19501
41 29732
25 28776
14 43443
19 3955
33 47741
24 18182
16 11453
41 40525
18 48800
7 18344
44 23455
7 58109
28 20622
50 41945
36 15214
24 45293
6 37298
36 35358
37 25424
47 555
40 32082
36 29907
50 30162
5 28189
60 26861
24 8901
57 45362
58 29502
54 791
40 24038
7 22527
60 30753
42 51530
12 42442
33 51442
44 57803
59 57834
40 2216
12 11157
4 31690
24 43952
28 54946
31 42934
34 39813
14 16531
6 46299
26 32090
16 6623
31 53076
24 42632
59 14223
4 11210
2 3291
33 8467
36 52172
14 3063
59 43420
1 467
6 15387
47 770
45 42124
60 29035
46 25845
51 43041
27 18019
50 57383
17 30786
57 38370
21 413
25 11947
60 13293
28 11243
53 58038
32 33067
17 35210
6 50716
58 49942
54 25028
15 20737
46 30899
2 18640
37 21287
7 59524
27 628
23 54687
35 38270
23 103
19 56619
60 23745
55 10683
52 21813
49 3598
53 21218
28 51371
32 16462
38 32153
32 21452
21 57518
58 8164
43 13113
40 37334
20 45269
49 27004
46 7892
13 29727
39 36116
14 39743
30 467
20 3196
15 1993
47 8858
21 28723
15 10188
42 1364
24 24088
60 18034
2 16747
21 44547
5 2509
52 13342
24 7597
10 27495
46 17251
38 57138
22 50407
40 42255
39 21697
26 15962
15 8084
36 56481
2 30157
59 34283
21 46612
4 47457
9 58979
45 17336
48 47370
28 11300
10 30240
51 12049
14 20406
59 49393
4 16344
53 52386
23 55413
59 27932
13 343
10 8844
18 49037
38 35664
60 29268
13 56260
16 20238
14 34835
19 45782
24 32863
12 45756
60 43584
8 16492
3 51940
2 36359
5 6720
59 9245
7 39193
15 44217
37 18818
28 5510
26 14323
12 50432
44 34015
14 9342
48 17909
1 27081
7 28188
37 48831
5 9931
23 38281
42 37015
56 11777
25 39830
22 27315
28 54206
58 42234
5 39442
43 8102
28 36146
35 25864
7 58055
40 2257
37 57818
24 42706
55 41643
54 53750
17 36282
39 44899
29 28330
48 26696
50 15590
49 47697
57 34011
19 58659
41 31274
27 31244
2 10831
27 42527
18 19132
17 777
31 1626
36 41836
10 15298
57 21965
54 50936
39 38493
26 26219
54 22595
15 1459
44 21913
13 26331
44 22619
4 27124
30 18132
25 12374
12 25290
56 23970
2 49345
31 45898
31 20395
52 20568
36 4474
21 58888
46 25993
33 8386
35 29903
34 42994
14 30350
25 47919
58 15365
20 4513
43 16469
49 8763
36 47152
38 8746
60 47047
12 54182
52 4231
15 2048
57 22738
31 44417
5 16395
38 34235
60 54304
7 39685
53 57247
24 3983
58 6322
36 5678
47 43806
10 44112
38 883
7 16482
56 54938
47 10625
60 48687
40 22248
53 14954
24 23861
31 10993
23 55102
34 25215
33 46390
33 32255
57 15880
52 15773
25 42486
21 387
34 4168
50 58571
53 57461
45 40808
20 4083
33 36973
28 28642
39 29320
7 49184
27 25478
35 45229
2 29599
35 28836
40 48019
20 5290
59 36530
48 19618
44 34718
44 53117
26 16203
40 55999
5 6788
53 46083
59 3782
46 37792
5 49788
53 20751
7 17762
50 1839
17 13279
19 35702
47 7215
59 32254
16 43032
59 4415
46 45357
39 9129
52 5299
58 36539
8 41854
9 23229
3 2953
56 50570
9 58572
57 14886
44 11125
30 941
39 6287
17 21612
5 31774
33 34218
48 56620
10 33132
59 16307
2 56147
15 40878
57 20746
21 46770
23 6959
13 18712
43 23450
45 12760
19 37988
35 23853
31 44720
6 57036
31 6369
59 14774
21 28911
29 19180
36 53366
57 46416
21 35202
33 43725
43 7394
42 23309
18 51664
60 6527
21 9703
29 17358
9 4981
32 55393
42 33293
53 27893
32 13699
42 3056
51 8021
21 22724
42 16992
45 49444
29 49015
42 8085
1 25900
33 31261
47 38828
20 34467
37 37047
60 59545
46 58610
35 28608
6 38478
34 37535
41 57270
13 31298
16 30259
41 5992
34 1129
43 57295
7 9464
49 26422
22 13944
53 33226
34 50731
6 35695
58 2727
8 53008
60 35086
45 1524
40 6775
60 45107
60 48699
47 4535
44 30967
16 56018
40 48939
45 5092
58 3355
17 29678
25 51468
23 50127
30 21318
38 51940
56 2709
54 50182
60 31357
42 54086
34 25464
34 47112
3 49599
23 19671
12 1551
24 12621
30 55636
19 54755
6 3387
45 19191
37 16533
17 20889
44 44274
15 11343
48 31034
3 4993
6 52536
50 2775
34 47940
28 47376
57 4696
9 28354
57 4065
2 45697
34 48795
12 40423
55 52111
32 7626
54 4865
45 137
19 32233
34 4761
42 50885
44 19934
20 49066
34 41109
10 36939
40 20709
7 48177
41 49191
10 44529
50 40472
12 16147
2 18149
50 29094
24 7900
51 25624
13 40206
53 10349
42 56631
46 37912
11 42592
55 53747
12 25549
54 57162
4 30303
30 2126
15 42452
18 1382
7 54031
34 39477
15 38072
23 9286
5 41806
29 12607
6 51996
50 7775
35 19443
59 55919
37 54313
31 28711
30 37205
32 43343
20 12214
30 51214
53 59661
3 29419
42 44922
45 46956
18 7665
55 25902
53 35864
8 17376
1 17042
22 23721
22 59048
35 23438
33 13354
15 2203
1 12267
2 34935
42 27139
55 30980
29 48240
8 37285
39 58086
37 9971
10 29338
47 10056
14 34808
48 10724
24 57546
48 39431
39 40618
42 17463
3 43682
26 52846
10 14846
4 10535
4 35788
5 45669
33 13084
18 58462
13 15991
22 50966
51 55451
45 9230
1 25206
18 4421
15 36968
4 28240
25 43515
43 56202
10 50757
35 59321
50 17215
2 37721
22 12248
47 8028
30 39571
2 5376
42 51263
5 46860
44 55284
47 12414
25 55771
17 28374
9 55619
47 14738
22 54487
3 37451
51 25793
44 29237
59 19907
32 38655
31 19561
3 59370
19 51789
19 46792
12 6612
17 21987
14 19199
16 19370
22 38275
33 25875
17 17627
21 24215
44 51756
29 38258
60 52529
39 24716
57 49903
50 43659
16 7984
24 535
35 3236
39 33352
45 58716
56 13475
26 23176
60 48433
33 5675
7 2051
37 43808
20 41503
51 30197
