3000
88 179
446 587
85 171
282 441
66 164
211 271
409 556
650 719
323 398
214 375
203 220
495 609
78 172
234 365
605 749
538 715
580 754
823 888
545 601
751 852
574 612
106 279
379 525
767 796
772 831
51 207
152 315
60 145
92 160
708 804
278 440
211 251
185 265
815 993
264 402
637 701
167 286
527 641
699 810
581 729
759 789
533 592
526 588
287 379
45 214
655 748
364 500
414 463
19 59
639 726
775 890
704 839
478 515
81 117
281 448
774 890
832 921
453 522
36 153
271 387
257 328
459 606
275 419
140 156
283 444
575 754
116 135
657 711
159 331
358 511
291 465
757 879
141 268
435 568
573 603
340 432
379 484
208 378
302 432
38 55
239 360
699 879
154 296
644 710
802 968
34 61
232 330
131 268
133 264
385 414
193 370
240 294
755 862
695 835
153 305
692 729
649 784
756 786
778 847
673 716
213 253
260 383
427 607
210 275
645 729
59 193
650 705
823 949
19 112
700 829
828 973
549 602
583 600
754 783
9 102
405 455
170 199
634 773
774 934
209 233
520 549
742 834
355 385
192 245
465 597
289 444
243 350
519 654
633 760
387 443
563 585
617 648
318 382
353 430
340 362
818 855
389 493
675 785
137 250
175 304
556 691
828 994
473 601
718 769
508 661
188 213
745 760
703 779
245 379
612 715
458 509
781 872
733 753
250 280
263 291
82 249
815 837
321 371
506 616
184 218
674 842
672 692
335 362
586 695
119 234
308 417
339 404
572 622
128 172
295 313
115 295
750 813
338 442
483 574
771 950
737 788
695 840
295 418
133 281
216 374
680 723
27 152
438 562
24 74
518 551
143 196
316 347
104 280
469 605
577 609
296 444
403 421
86 123
626 652
725 762
239 299
126 265
667 741
551 635
175 239
260 318
807 843
268 317
532 590
494 644
130 211
385 535
57 218
780 797
47 216
635 675
317 452
190 218
91 136
193 284
93 208
631 666
753 820
21 195
361 537
419 442
459 639
94 267
632 655
338 418
258 354
313 408
637 712
551 637
597 723
310 455
679 786
565 610
146 224
757 880
312 426
87 132
165 275
549 650
227 355
68 88
827 869
139 247
47 85
16 139
774 847
725 863
382 550
451 488
404 529
400 499
734 760
201 218
651 752
213 246
830 872
100 160
157 246
156 223
326 379
687 735
815 981
649 741
586 722
117 144
711 758
640 697
716 869
549 662
781 909
787 933
569 615
360 383
624 709
328 372
183 360
230 282
762 881
189 347
276 443
393 428
377 533
2 40
117 250
33 187
322 363
586 622
804 978
214 291
9 108
820 939
57 179
31 61
839 960
289 336
117 289
782 816
6 41
338 513
104 277
15 157
468 563
107 209
83 135
575 613
706 866
70 143
475 654
139 232
522 604
546 723
55 149
592 643
238 339
373 438
72 140
662 783
583 717
499 559
114 202
47 218
293 321
582 645
561 737
635 781
660 737
672 698
696 842
268 313
835 870
681 747
502 647
488 647
507 586
379 411
128 196
263 392
38 63
126 298
347 394
690 720
5 101
424 591
602 735
416 440
301 401
30 190
794 968
786 959
690 706
383 474
536 641
140 182
41 68
710 732
670 751
577 745
763 857
196 251
804 973
780 957
347 466
541 714
740 782
309 408
614 649
470 533
546 674
435 510
702 806
775 888
660 726
292 393
136 271
288 440
107 270
536 584
447 464
356 536
505 679
132 161
567 655
175 200
250 324
793 857
472 651
69 195
603 778
490 505
206 263
651 713
614 684
314 377
275 363
266 378
837 991
430 499
275 423
117 141
107 271
523 544
78 152
423 486
491 515
216 289
238 387
313 376
372 391
240 310
512 648
65 215
576 674
698 754
115 173
780 888
306 476
311 384
681 737
543 611
594 712
252 290
812 835
192 369
816 925
531 662
89 111
782 812
92 233
542 681
426 523
153 232
273 375
704 745
234 292
76 212
802 917
170 327
281 424
527 690
108 285
767 888
131 212
391 423
755 882
355 396
325 394
148 265
787 838
92 160
87 122
7 44
692 754
422 502
678 724
286 359
828 917
12 111
361 496
731 886
239 392
258 364
638 667
651 754
449 605
749 800
480 515
503 669
691 817
724 882
439 508
755 854
751 840
783 821
535 699
712 888
385 493
350 530
541 604
209 383
718 814
203 305
341 413
345 371
364 458
536 663
715 876
499 653
524 581
216 340
541 610
735 814
69 157
373 490
673 790
434 561
151 310
152 277
486 569
244 338
541 606
745 806
817 973
704 815
477 500
170 333
456 627
56 110
8 69
375 399
839 976
590 652
718 757
358 451
300 475
116 268
246 279
778 802
620 716
29 131
15 194
779 806
63 155
164 226
437 548
387 535
13 174
667 784
587 740
233 406
87 178
174 192
381 523
166 305
519 619
546 709
383 471
406 436
146 276
416 511
451 590
584 614
793 845
359 429
239 354
733 816
402 481
220 238
635 746
533 673
379 397
608 760
330 400
69 154
169 274
172 304
420 562
39 117
694 840
172 319
568 651
308 421
152 262
788 902
605 623
478 570
406 526
41 123
287 382
290 386
66 178
794 843
606 748
783 951
320 362
363 459
257 311
117 281
631 659
415 531
791 833
351 452
735 889
353 414
794 971
67 217
606 644
611 749
441 611
146 277
76 107
518 643
740 890
330 446
687 781
445 581
682 712
492 514
369 441
71 128
309 451
46 193
248 390
696 874
12 165
247 377
351 395
525 648
642 724
672 824
524 634
521 690
807 865
188 308
686 854
825 976
518 685
698 854
570 630
669 714
607 646
306 438
838 1006
511 636
800 950
464 494
741 822
125 228
804 864
90 238
261 358
480 521
572 639
388 499
746 919
189 281
103 261
540 566
42 131
174 347
383 504
648 789
598 663
5 29
139 261
105 161
698 733
62 224
645 680
348 385
363 485
370 474
712 746
524 698
197 298
745 812
464 493
100 178
760 900
392 451
815 942
247 264
57 82
840 918
769 907
759 828
591 731
128 157
158 268
18 128
550 595
509 614
259 310
439 569
607 637
355 518
325 446
618 652
189 348
721 888
35 69
148 169
726 834
756 839
473 564
243 386
450 536
631 784
195 286
232 255
51 135
198 227
170 303
483 499
150 307
287 319
649 815
242 398
506 550
427 529
401 568
643 751
190 207
191 307
733 786
657 797
666 703
370 488
204 317
473 506
456 618
541 581
6 161
671 776
481 514
736 886
258 427
504 566
798 832
490 660
6 138
173 232
743 799
706 789
670 800
692 723
165 259
181 295
469 625
763 837
280 417
800 900
355 512
138 225
401 540
742 891
603 625
231 290
148 289
9 72
698 849
782 923
292 378
543 669
525 599
632 768
722 795
585 608
329 468
286 381
288 312
3 29
102 187
67 186
269 330
407 485
360 457
170 190
89 139
691 837
394 536
840 963
237 307
420 487
609 639
513 554
94 132
647 781
59 181
476 641
575 601
55 152
9 37
738 783
0 104
309 442
277 361
129 282
781 936
111 252
330 487
460 573
297 469
224 348
91 193
471 520
211 341
308 364
776 916
693 733
274 425
335 370
493 631
180 360
71 248
487 635
808 921
272 358
309 325
127 246
247 386
55 163
176 338
145 200
639 727
385 543
808 842
636 656
621 764
430 573
42 208
189 229
681 789
506 646
553 693
168 317
669 828
840 902
162 193
684 719
762 792
718 870
469 578
790 832
417 563
267 398
686 775
473 530
458 581
550 678
562 718
146 271
728 747
454 512
741 869
480 568
159 181
251 388
307 444
784 831
714 795
595 647
240 341
153 228
123 226
95 266
359 509
814 905
664 838
662 817
138 272
251 413
263 390
828 912
386 447
604 752
212 238
42 117
504 528
629 659
652 715
670 825
819 985
326 375
33 49
647 775
239 284
411 482
222 328
574 661
196 364
491 637
643 693
686 856
615 654
191 234
413 506
828 966
479 658
151 325
423 504
831 934
349 365
52 160
807 825
627 685
463 503
726 822
4 44
740 760
324 399
546 594
678 823
588 610
692 773
716 884
468 499
452 524
710 875
523 543
465 555
326 485
342 405
33 135
809 882
595 680
326 414
513 581
80 150
408 443
348 462
408 534
195 350
577 704
772 948
374 543
685 838
752 835
542 623
813 973
173 254
150 261
277 388
160 190
329 447
248 313
330 456
183 331
13 103
219 395
458 600
30 152
773 793
41 181
800 900
347 373
574 671
245 310
813 906
620 786
732 879
714 767
205 284
556 702
18 73
680 712
579 641
727 772
426 591
25 142
541 715
647 805
478 626
46 61
179 282
302 333
273 364
16 102
503 538
749 885
79 251
444 576
134 248
452 546
827 963
3 137
593 623
256 430
103 245
445 460
206 260
166 308
208 329
557 695
729 773
219 368
659 721
195 248
343 368
456 527
424 520
730 791
46 156
253 364
726 867
788 963
574 681
545 660
522 636
737 891
808 949
580 756
171 213
12 158
505 669
814 908
704 787
813 875
663 784
312 486
222 292
616 727
101 191
215 384
78 205
38 163
624 718
65 201
646 817
665 802
477 631
502 567
815 874
613 732
495 667
595 755
331 494
192 286
220 287
459 510
67 215
499 661
24 114
502 605
319 467
549 613
197 279
228 314
603 653
660 800
774 927
574 668
468 637
535 561
648 774
70 239
720 813
359 485
665 772
378 443
768 923
560 595
275 317
605 727
103 213
832 1007
671 788
146 309
142 294
589 751
626 739
752 842
672 725
293 419
793 909
9 172
180 220
751 893
762 823
164 204
15 186
553 601
721 856
534 637
775 934
26 174
200 349
471 620
421 468
600 709
41 101
272 375
206 247
297 451
758 926
663 698
633 759
54 92
656 796
802 933
457 604
424 545
257 317
648 738
568 652
499 676
34 198
826 985
427 515
545 615
583 753
72 125
173 238
751 878
734 773
270 339
445 573
672 713
125 305
140 177
707 776
661 739
434 535
801 817
347 415
660 734
52 128
690 740
6 81
56 100
597 773
51 80
399 565
696 841
32 182
513 616
217 363
88 113
703 860
696 756
9 185
217 328
72 124
551 710
33 142
7 44
489 570
692 797
324 345
629 807
708 780
775 811
486 597
316 358
645 801
529 640
498 521
751 767
431 590
217 288
243 413
94 193
483 499
275 295
90 164
633 804
282 318
355 430
320 400
538 624
383 474
99 259
763 833
56 180
762 905
73 220
572 654
377 426
351 531
355 452
288 462
289 422
200 225
232 325
179 238
187 321
206 260
438 476
217 327
627 679
362 437
750 910
645 753
386 415
223 343
693 769
450 568
483 550
75 158
214 279
370 482
648 682
336 403
658 823
45 142
617 671
60 217
682 764
393 453
365 415
56 116
46 158
294 395
88 104
220 358
460 502
188 207
295 364
666 788
488 523
160 223
74 93
268 329
416 523
503 540
769 949
75 235
346 413
286 425
621 715
637 747
341 380
481 657
55 188
397 552
321 417
645 739
811 955
428 522
218 251
111 158
714 733
314 357
392 522
126 240
147 249
776 822
498 607
295 436
108 172
26 146
126 157
560 612
441 461
134 215
601 656
726 906
565 686
351 453
132 194
520 684
106 124
61 81
162 301
141 296
74 159
102 258
672 773
643 777
80 103
819 856
104 234
674 755
23 49
272 408
513 660
162 308
794 918
197 232
332 435
627 656
623 679
618 785
86 120
720 812
503 568
497 514
286 344
335 464
372 397
219 307
798 967
686 805
501 593
423 511
795 962
132 223
100 211
626 791
815 945
684 797
763 797
127 252
250 395
101 147
67 167
660 695
251 359
230 384
248 270
774 883
698 739
652 749
161 297
292 375
802 843
429 585
278 446
541 577
271 408
571 708
691 780
218 381
582 729
384 458
24 195
648 815
529 654
306 351
592 607
44 191
353 470
152 169
531 619
584 608
273 382
518 597
58 135
1 29
63 149
209 265
421 531
313 448
740 915
565 682
723 766
213 334
837 981
519 680
74 193
158 292
343 426
258 392
100 254
803 872
414 524
642 715
521 600
19 88
120 173
818 848
645 751
73 247
362 407
465 621
653 811
830 913
734 795
303 440
522 612
113 274
440 579
596 706
669 830
474 531
131 267
592 714
633 719
714 755
75 246
623 778
647 792
758 863
456 518
584 613
668 695
783 819
678 849
799 870
135 169
392 499
659 828
709 874
525 697
238 316
444 478
463 627
707 868
724 853
174 350
615 635
749 816
583 725
835 956
15 30
302 434
650 787
250 350
637 776
705 811
106 202
194 251
412 565
121 298
88 154
191 226
119 229
461 501
390 415
95 171
389 503
820 927
152 211
365 400
205 318
219 321
427 548
632 787
596 658
784 924
338 515
639 676
711 782
822 848
725 868
490 643
203 313
608 782
267 287
324 418
319 455
126 183
106 151
144 217
644 734
763 874
188 332
72 156
428 553
319 371
670 839
465 644
537 564
139 244
626 771
547 706
346 499
652 806
581 734
308 436
633 652
85 213
456 625
483 541
763 832
285 461
276 339
354 527
103 267
598 669
338 417
781 862
235 281
712 778
797 966
290 387
93 112
224 276
402 511
822 965
358 459
128 143
311 432
479 642
630 804
669 709
727 853
448 501
807 856
472 609
36 68
365 435
383 426
207 253
671 818
603 751
791 865
811 863
248 364
74 166
79 219
482 650
737 871
391 569
542 622
9 59
148 227
333 443
761 810
133 301
445 495
486 533
322 471
633 774
583 611
740 796
122 287
794 905
545 683
126 212
660 709
694 717
538 589
46 139
577 649
827 898
503 537
64 147
755 906
792 897
717 810
381 446
802 977
29 141
220 252
608 771
509 686
751 842
607 733
142 255
611 714
675 804
680 780
650 822
91 119
832 991
488 637
223 248
635 711
512 607
12 129
668 848
15 119
583 632
334 510
153 182
724 802
346 480
676 853
69 174
600 743
539 645
346 413
55 218
712 852
71 227
304 428
541 649
788 961
249 276
103 239
240 340
639 710
259 370
339 484
71 178
734 914
581 679
603 640
314 456
215 262
358 410
173 220
496 558
556 576
495 644
203 376
363 385
599 720
702 729
86 252
18 116
508 683
527 687
215 385
60 132
655 707
227 325
405 480
104 233
340 390
654 675
401 497
679 841
361 379
682 778
655 699
818 930
157 181
468 550
135 269
840 1010
490 586
133 281
328 366
653 692
100 208
311 394
163 215
304 441
0 37
128 236
197 270
363 498
769 921
820 925
12 143
399 416
725 764
260 395
310 430
626 715
807 976
84 161
552 627
43 111
653 735
177 216
307 347
226 399
563 695
487 656
247 305
158 208
687 827
250 314
177 342
830 913
56 227
386 468
811 859
329 359
416 510
442 457
25 54
346 476
822 866
412 521
805 937
414 492
430 597
697 728
130 230
779 912
300 480
792 899
401 517
225 357
627 666
529 626
611 751
165 181
217 370
392 427
283 456
217 328
30 121
284 348
125 292
462 630
450 529
499 579
520 654
656 835
65 215
421 543
99 268
416 445
239 379
165 290
733 909
560 736
89 219
522 659
742 887
147 170
619 645
701 799
204 268
285 411
210 325
181 343
293 344
398 462
404 442
698 757
496 670
162 211
545 560
673 784
27 103
23 162
596 686
377 504
473 568
165 230
338 508
807 911
400 579
469 522
631 787
348 461
663 764
125 154
420 581
629 761
462 622
518 591
733 749
612 666
826 1002
167 314
648 716
100 133
281 440
557 581
33 78
281 346
509 548
604 723
623 680
548 589
606 765
185 300
490 608
571 704
357 439
49 207
244 382
667 718
460 578
304 365
151 326
782 906
798 971
315 410
708 806
29 73
234 259
784 872
389 440
720 878
658 735
279 417
699 729
227 392
684 781
279 359
477 555
696 789
23 95
76 200
398 499
139 190
216 354
581 655
345 498
9 97
394 568
759 831
572 714
630 673
266 407
474 623
496 576
448 483
384 544
128 147
216 396
92 234
814 896
832 932
112 215
138 306
92 168
641 727
75 237
562 704
42 67
177 243
276 353
101 244
409 490
658 746
299 365
178 352
79 215
269 321
497 620
331 367
318 390
501 599
235 415
675 813
404 468
599 637
277 417
504 632
7 136
616 765
800 845
716 814
785 838
257 366
352 429
697 843
538 695
474 589
72 194
835 994
822 881
346 478
775 829
732 902
751 791
599 691
142 186
317 346
439 515
553 665
773 809
800 867
627 730
69 148
96 140
18 147
307 348
784 884
691 800
555 688
7 153
75 151
476 641
555 718
769 829
386 465
435 578
660 798
711 853
6 130
647 715
442 554
363 425
314 438
291 421
226 399
505 649
190 207
143 322
333 355
39 113
7 163
207 361
838 976
764 849
195 356
132 204
218 265
78 232
264 412
382 489
282 406
240 342
65 127
146 301
25 203
538 589
640 795
744 859
505 655
596 720
399 480
59 136
51 169
110 190
725 879
322 409
643 723
610 673
202 268
624 776
270 433
563 733
811 970
718 748
55 78
144 265
821 957
535 605
124 140
411 430
502 564
834 894
746 868
291 451
33 195
115 142
793 939
788 968
366 545
735 822
616 746
624 765
130 184
285 437
309 371
704 722
63 135
353 435
646 717
398 464
189 315
786 887
458 539
680 844
817 879
566 681
134 304
466 611
448 593
65 175
563 612
640 675
314 446
821 897
490 543
92 126
152 198
138 228
139 241
554 586
835 1004
288 467
182 343
227 307
661 703
712 762
647 727
531 551
304 356
761 889
831 997
497 514
533 665
53 84
171 313
351 385
10 36
839 987
430 586
655 777
591 673
524 603
337 469
113 287
524 589
428 484
389 494
530 680
620 734
796 900
94 193
572 641
193 221
43 94
166 308
755 906
797 893
761 892
684 817
325 436
95 131
259 359
690 852
126 209
182 320
657 761
368 417
386 503
829 913
562 620
67 222
368 472
601 713
28 143
598 749
271 406
793 961
461 625
412 435
373 397
603 712
20 152
438 532
722 809
722 840
785 849
822 969
480 552
38 181
220 289
278 394
785 825
539 623
369 505
714 865
651 750
140 214
618 751
684 826
382 522
361 486
468 582
162 206
29 84
451 547
223 362
493 515
335 368
198 284
372 469
264 416
69 141
271 338
404 497
41 76
322 441
152 302
483 519
201 351
373 476
103 134
300 399
103 275
16 62
181 234
626 702
676 788
354 401
187 303
792 878
18 102
705 811
763 831
477 558
705 884
41 102
415 535
83 245
727 836
228 286
624 665
23 196
735 903
584 731
831 858
765 845
429 536
57 127
471 650
697 733
647 674
839 969
293 403
761 938
601 762
96 117
824 914
184 333
33 94
622 790
310 423
455 515
719 801
456 557
705 842
51 87
73 141
719 742
592 728
475 496
451 490
272 411
612 645
358 526
325 470
734 791
759 890
475 609
636 733
202 322
52 191
747 860
105 216
260 316
123 145
372 535
611 788
553 662
413 485
649 669
558 703
462 552
429 471
753 778
383 469
808 927
658 730
322 409
360 457
573 594
481 548
187 257
141 180
660 752
444 610
442 542
429 533
466 642
345 477
403 458
676 816
276 297
834 1007
710 844
517 658
761 868
641 797
378 518
579 660
549 711
515 566
358 405
325 374
765 866
713 880
50 220
2 177
213 274
637 745
392 425
50 124
456 555
297 353
95 258
115 131
194 291
582 715
378 524
774 927
687 760
324 448
7 119
400 548
300 453
331 371
258 372
642 780
512 540
310 366
537 717
114 141
474 585
244 357
162 314
11 150
511 616
446 536
169 285
585 702
740 863
498 528
85 222
302 383
50 143
370 438
18 187
70 143
785 852
153 235
447 609
96 197
397 570
442 556
812 835
559 718
602 680
132 159
222 282
170 277
267 393
118 295
382 495
75 126
316 333
615 750
478 631
286 312
174 250
123 301
636 702
688 747
109 208
805 927
44 207
89 122
567 658
212 244
546 600
783 901
354 508
802 864
202 217
512 537
738 800
99 272
81 200
109 141
499 588
745 892
23 124
567 736
163 307
506 686
817 985
267 422
724 892
757 842
680 788
249 276
774 811
60 150
417 514
85 205
405 526
571 646
602 782
373 467
288 454
840 874
382 463
761 938
229 406
761 868
57 124
404 578
384 457
370 525
366 521
537 617
526 669
32 194
55 111
144 186
102 120
602 751
781 937
18 154
200 272
633 666
685 708
451 494
419 438
86 130
276 425
426 578
43 142
596 659
778 868
121 198
277 343
201 267
110 234
578 746
62 181
48 209
614 698
353 520
265 382
242 302
269 342
473 651
78 153
69 132
709 845
476 554
552 596
325 485
570 638
708 853
432 514
120 176
87 165
749 826
25 85
306 412
280 408
296 437
718 803
327 401
542 702
338 491
393 548
394 437
692 761
132 201
783 944
700 773
482 659
133 263
796 968
610 734
106 142
588 645
159 322
667 810
713 796
428 515
828 931
752 850
233 255
390 530
571 713
618 753
762 868
142 306
28 192
231 276
221 283
820 943
182 320
720 899
151 215
766 816
803 937
829 1005
731 781
499 630
87 211
710 795
116 146
551 576
681 781
42 174
743 808
807 973
335 413
445 532
324 442
675 753
550 716
584 740
393 572
202 319
564 681
160 216
742 790
504 652
193 218
262 279
209 327
304 381
755 894
300 442
443 612
657 791
86 180
484 584
288 394
281 442
810 938
448 547
699 795
472 651
717 774
821 944
249 382
651 736
301 392
727 767
806 841
838 910
785 873
357 440
524 703
796 925
355 383
90 111
12 185
177 295
614 656
563 700
662 694
320 339
686 733
348 420
278 456
496 548
250 273
272 398
207 335
178 277
324 363
19 74
388 531
281 392
117 133
484 529
563 677
680 720
547 665
54 126
655 712
74 251
374 460
179 277
639 734
359 506
733 911
32 94
817 871
814 893
365 495
293 402
358 420
567 720
404 445
788 910
239 343
35 97
256 295
578 679
361 425
301 376
376 430
835 934
726 821
489 569
373 444
432 587
40 79
68 103
707 887
169 339
637 701
626 754
497 634
591 700
663 708
88 117
785 963
295 405
514 678
631 688
0 65
418 578
238 387
314 479
685 837
717 829
528 575
680 705
587 627
122 263
526 685
147 298
93 139
381 396
139 284
774 824
708 779
567 635
267 350
0 139
653 820
582 647
526 676
225 266
729 856
272 365
485 560
194 325
403 569
649 702
347 419
102 193
720 871
834 863
310 456
358 375
143 287
453 575
333 477
35 124
569 705
57 188
543 671
439 482
93 141
751 895
25 83
721 768
647 750
652 671
294 400
2 150
745 872
21 41
225 319
621 786
835 982
344 518
209 281
125 216
564 711
570 620
637 678
38 182
297 315
750 812
709 766
105 180
753 916
675 789
633 670
820 938
529 566
524 582
107 139
28 141
305 444
778 931
708 837
493 668
699 805
591 721
141 201
469 500
293 397
779 942
169 250
141 263
685 790
26 147
751 859
294 428
711 838
335 445
71 248
764 898
275 291
565 651
25 110
732 901
696 840
539 556
48 78
317 376
593 713
268 336
176 340
724 885
614 765
219 368
206 299
282 387
281 343
604 680
634 660
123 159
413 455
562 708
458 537
696 848
151 263
153 264
397 474
9 30
811 890
295 454
734 908
86 253
56 145
481 519
676 822
751 879
502 577
200 317
666 742
287 371
739 919
170 340
627 751
248 324
0 73
485 519
270 315
295 452
131 295
195 285
162 312
724 806
624 692
81 166
287 393
634 777
436 585
40 91
362 397
355 392
811 884
15 128
464 540
177 267
519 658
720 784
552 659
435 560
639 769
67 136
67 225
704 748
388 542
214 384
314 339
712 770
780 852
736 792
285 353
566 689
583 653
174 308
331 385
116 155
38 129
829 850
58 199
213 370
564 723
762 844
278 399
370 402
718 827
662 760
659 694
344 432
315 372
735 903
66 141
549 694
118 276
177 233
403 438
60 165
780 953
82 218
619 763
597 696
120 220
590 718
736 905
816 845
536 612
732 834
462 501
755 878
173 337
642 745
132 178
67 124
653 698
840 944
687 707
836 998
283 306
761 878
730 907
446 591
317 365
488 636
35 150
306 359
8 75
752 814
90 160
7 77
270 365
666 753
120 299
375 392
78 103
8 70
174 331
604 730
589 756
522 581
835 850
419 532
762 932
185 280
177 339
273 301
797 832
219 298
580 682
368 548
301 435
833 940
688 782
422 591
118 276
211 336
204 367
209 359
680 725
295 385
769 788
762 885
601 710
33 194
3 167
206 253
689 730
837 1007
608 744
295 388
461 575
356 434
458 473
163 272
729 827
262 369
763 859
355 373
113 142
836 936
757 907
332 445
369 464
516 535
705 748
826 962
746 810
793 883
63 122
29 91
442 457
707 754
312 361
654 731
26 82
814 859
735 853
338 489
245 311
43 177
610 652
821 918
488 625
135 153
591 708
50 104
680 715
719 873
313 490
41 217
13 125
331 477
90 134
498 513
439 507
683 825
634 796
830 970
305 463
105 126
346 487
596 703
737 786
394 437
536 632
310 470
190 328
103 124
562 699
208 287
692 807
325 394
536 675
209 328
702 800
397 428
641 725
621 775
531 593
350 493
394 514
28 150
345 414
104 140
50 134
606 635
305 446
411 499
266 433
614 702
384 533
527 573
83 189
464 638
231 293
721 800
11 127
423 572
227 403
435 573
807 978
705 744
147 168
372 429
566 739
265 323
160 334
807 915
94 121
703 846
200 375
46 203
609 774
22 176
715 762
182 317
94 225
678 828
680 774
302 443
61 158
296 330
46 147
243 299
93 260
513 538
202 307
166 342
69 183
682 750
613 780
405 558
317 428
54 142
461 574
213 390
341 504
164 285
95 127
0 137
272 367
420 466
19 105
247 330
838 1008
609 778
663 817
730 831
449 551
643 663
87 220
47 163
740 877
408 439
795 905
151 286
659 829
142 201
672 791
627 743
279 388
420 435
602 645
737 772
432 561
190 290
210 360
777 928
265 320
626 664
538 575
319 364
781 799
91 156
471 649
452 601
207 348
119 275
487 629
145 269
726 859
19 75
201 290
786 901
750 836
209 356
525 647
281 369
319 372
400 485
798 927
503 618
715 775
125 199
323 429
385 448
650 790
219 367
818 842
77 96
304 391
32 133
480 516
33 165
368 425
119 255
245 362
222 242
176 301
12 82
809 932
77 166
265 398
458 619
603 746
834 989
154 284
136 151
729 793
54 117
145 317
258 282
163 240
303 463
266 309
37 134
809 976
519 582
125 283
491 557
669 848
616 644
99 225
50 217
468 527
433 607
584 764
367 482
739 783
815 927
318 482
590 652
523 575
44 64
646 776
382 466
62 87
252 338
791 848
757 915
807 923
164 198
528 670
127 232
631 710
461 588
568 738
517 633
834 963
245 416
355 478
636 677
155 233
651 754
206 344
323 380
221 343
628 737
753 779
83 164
388 552
131 213
541 713
314 343
501 637
114 238
229 261
4 40
61 174
645 699
291 329
409 561
342 421
1 32
615 711
