20000 1000
862
713
6
772
385
651
636
447
843
720
172
639
410
212
375
83
532
203
161
680
809
298
648
622
764
643
99
122
385
796
202
151
507
217
794
55
205
206
749
510
23
168
240
533
12
59
393
94
97
258
238
693
569
367
409
320
371
727
838
862
684
193
10
154
24
576
505
375
487
642
581
556
564
161
755
224
720
799
230
557
450
237
477
155
155
61
847
698
585
602
842
766
391
718
343
423
823
221
174
157
377
63
443
330
480
405
675
814
525
470
368
353
472
529
791
136
265
225
290
683
888
464
253
265
900
741
265
358
570
42
891
145
239
141
433
839
657
677
171
304
117
893
125
797
521
544
686
811
10
704
720
87
900
765
253
95
420
545
194
414
760
326
297
696
69
708
615
10
430
774
480
403
353
226
815
859
213
211
441
552
352
539
432
206
170
396
463
350
352
158
75
829
598
290
287
651
534
184
428
398
809
142
596
154
437
757
244
147
662
512
756
516
214
722
292
387
14
356
439
101
825
878
128
677
739
370
550
415
235
434
40
139
615
403
491
116
111
824
156
671
607
471
571
705
280
406
816
763
613
898
329
421
809
390
196
93
666
493
669
377
109
784
803
602
206
791
765
778
445
323
283
692
539
165
656
754
529
400
465
236
419
18
806
443
126
546
518
95
398
795
468
204
481
395
313
800
424
329
872
451
491
659
11
78
107
682
621
381
805
548
379
570
286
210
395
861
267
748
343
704
98
667
96
704
338
445
294
357
388
711
644
860
134
208
843
38
159
876
114
750
271
661
865
307
892
350
825
528
154
560
48
447
453
97
134
589
553
140
484
874
578
263
796
255
280
391
644
64
352
893
625
461
142
127
572
177
764
854
438
563
292
880
436
255
755
158
110
179
354
546
508
267
359
695
315
71
602
466
97
172
861
742
697
396
497
777
874
625
774
851
710
523
526
123
361
197
830
655
471
150
605
541
742
211
727
358
140
709
598
630
849
672
837
168
176
843
256
788
336
103
421
192
861
346
236
496
17
190
261
511
26
113
814
275
752
207
66
119
196
793
439
199
227
859
448
513
541
325
724
247
172
498
6
252
244
525
690
680
691
18
281
599
435
861
81
799
614
18
602
419
109
630
240
437
600
600
585
440
288
741
539
864
616
307
390
669
556
766
672
639
864
527
218
658
490
536
289
724
486
587
88
361
812
623
806
275
754
144
160
113
609
781
826
86
392
362
416
105
888
563
338
606
219
45
832
682
540
41
751
566
116
27
251
783
847
290
72
822
653
891
824
293
701
561
389
754
597
486
35
274
689
379
698
227
696
640
392
653
31
322
199
603
516
62
37
710
367
259
174
677
207
393
401
74
814
875
448
490
616
894
615
473
483
806
489
886
254
79
288
719
593
858
761
773
746
339
875
11
537
285
562
269
280
547
555
10
688
861
221
871
206
139
690
312
76
612
882
378
15
186
166
865
563
690
266
694
91
202
627
329
657
118
640
817
49
496
306
500
456
306
303
43
164
106
14
343
800
434
196
570
634
172
398
888
474
748
851
756
610
60
551
267
326
492
312
628
20
237
211
217
48
746
656
662
253
61
814
657
575
840
44
481
882
330
449
382
640
128
283
387
884
412
528
269
426
185
508
173
133
671
698
192
615
234
842
477
758
258
545
425
637
403
243
91
491
518
486
103
589
6
817
409
297
536
837
85
680
273
212
257
898
51
634
636
334
528
108
270
604
637
355
189
489
634
825
238
626
186
251
863
44
47
16
627
22
867
688
661
273
68
55
94
159
345
850
610
179
46
31
603
728
662
89
401
516
58
716
322
87
538
718
504
326
377
221
524
880
47
643
273
252
496
230
572
216
251
826
495
882
374
367
176
616
595
822
541
332
265
246
278
87
712
878
355
159
697
384
74
312
733
149
525
771
339
861
719
339
691
103
705
700
287
602
872
191
361
718
592
357
461
246
511
126
138
330
84
537
511
269
75
236
791
435
57
815
520
338
845
611
679
92
755
385
748
389
238
749
161
307
573
518
149
59
254
15
309
657
28
18
856
749
201
30
23
637
407
617
671
352
92
168
604
628
627
791
884
19
193
113
858
146
633
855
583
555
417
353
151
95
56
847
268
630
362
511
429
475
263
830
199
468
635
452
776
576
61
448
411
137
326
458
727
208
340
448
709
553
712
302
53
730
205
5
552
836
798
8
91
122
313
814
39
617
683
873
754
613
506
347
759
640
666
609
310
36
483
49
636
168
187
290
611
372
398
518
404
796
154
305
142
