602 100
116 331
610 114
596 111
118 324
600 87
602 84
616 72
627 82
113 339
113 353
144 346
598 86
138 339
613 114
614 114
628 89
615 114
113 323
600 88
621 85
609 89
617 117
129 319
109 360
136 333
113 338
98 349
590 106
618 115
112 344
144 339
104 331
126 348
626 76
114 334
106 350
590 85
135 347
613 117
630 92
124 341
105 343
621 104
597 109
618 94
132 338
140 347
116 344
126 316
129 353
121 359
608 100
601 103
122 359
106 321
131 343
126 342
618 78
594 92
629 93
136 334
114 324
100 341
98 332
140 345
122 349
112 324
602 106
612 108
618 98
129 348
124 351
634 98
117 353
604 103
624 99
125 329
617 80
119 339
625 109
139 347
117 354
131 327
115 331
622 76
611 119
133 329
110 323
131 354
123 340
620 80
621 105
613 95
614 83
596 78
134 330
598 93
105 351
611 97
128 357
125 322
135 324
625 113
618 112
593 86
605 118
106 351
107 359
623 111
140 342
621 75
106 356
594 79
616 80
124 337
624 115
605 113
604 98
619 76
134 321
101 336
106 354
604 105
112 359
106 349
117 334
115 340
622 107
618 75
118 355
608 79
630 102
596 87
111 358
103 327
109 333
110 340
598 98
608 75
621 74
620 85
133 358
601 77
624 82
116 335
630 107
141 335
629 110
128 363
131 346
121 334
110 355
618 118
114 323
117 348
111 324
117 364
143 346
111 339
142 334
106 343
598 113
100 328
616 91
634 92
608 98
123 342
118 340
631 82
137 333
628 93
626 92
114 361
110 326
124 319
103 322
131 333
135 333
611 106
130 323
587 87
597 80
622 102
633 95
95 340
592 102
628 111
604 112
99 333
599 113
110 335
598 109
125 328
595 106
624 103
611 79
604 88
619 117
591 87
601 107
105 322
117 341
119 352
602 113
141 333
607 108
620 88
143 332
618 117
123 349
617 75
602 82
627 87
134 356
121 341
626 96
125 346
631 97
628 79
113 357
596 75
128 327
136 331
615 119
138 334
590 89
126 359
141 353
103 351
612 72
132 335
129 331
615 101
111 334
140 341
626 107
113 319
615 88
109 323
622 77
128 356
100 334
102 333
111 356
605 84
113 364
127 358
611 98
113 361
621 109
611 101
612 117
131 321
116 337
625 107
616 94
626 81
138 356
120 324
616 118
123 324
97 334
602 98
588 102
118 325
124 361
124 317
111 327
111 341
132 321
113 326
617 100
120 322
598 79
112 322
603 100
606 97
608 119
114 354
111 332
622 93
598 89
604 84
142 343
599 111
602 91
607 119
135 329
111 340
586 101
619 92
133 337
601 117
608 116
607 110
621 99
613 78
614 109
142 337
609 107
603 76
109 327
121 320
600 98
127 331
124 338
620 114
614 74
124 362
119 325
613 80
112 330
128 335
600 85
620 83
137 357
617 110
121 332
132 330
132 326
136 329
108 358
617 105
114 321
143 335
130 335
113 340
587 93
135 320
142 341
139 345
126 356
119 317
131 339
99 334
112 331
104 340
601 91
130 359
618 83
135 346
124 350
105 321
115 358
119 337
124 339
107 349
137 324
628 101
613 115
110 338
608 101
100 343
96 334
145 340
610 117
115 364
105 326
98 351
592 92
618 81
103 334
615 98
137 336
140 351
591 111
633 92
122 330
615 90
130 330
115 350
118 354
125 335
620 77
116 322
604 97
612 75
608 71
604 101
588 92
606 81
606 114
120 364
102 335
133 345
594 94
634 97
107 328
603 105
131 329
605 91
634 96
616 119
109 357
613 107
100 335
613 119
608 90
116 343
127 342
109 330
124 349
133 355
600 110
587 92
596 112
144 340
599 105
120 325
104 354
631 92
624 114
116 360
111 348
116 355
138 332
128 338
111 354
103 348
612 74
133 352
613 102
602 96
96 344
127 364
136 338
624 92
614 94
120 362
619 73
592 101
599 103
128 352
603 79
115 344
609 99
612 114
617 108
619 88
603 119
617 84
122 319
627 79
591 103
621 83
140 339
108 324
606 84
593 102
596 76
116 325
620 115
607 112
627 105
608 110
613 74
99 344
127 363
96 335
608 94
594 78
98 335
111 318
105 324
590 102
123 322
96 346
140 333
109 342
107 344
603 115
98 345
98 340
618 82
627 97
586 102
108 343
119 353
122 318
606 101
624 80
136 327
634 99
594 105
618 90
142 333
603 104
589 85
588 94
632 98
122 362
106 339
115 360
615 107
130 339
606 94
133 360
623 82
596 92
129 346
135 338
600 102
623 116
603 106
129 361
586 89
630 94
100 330
123 345
604 108
106 335
119 359
116 350
130 344
592 108
592 78
595 107
587 102
103 356
127 335
624 75
105 320
595 91
124 332
103 349
616 96
606 115
600 100
617 87
599 86
609 101
114 318
624 78
609 85
604 118
617 111
618 96
139 326
632 89
604 83
113 341
623 107
133 325
108 361
631 84
114 322
104 346
131 318
621 110
614 108
598 116
114 325
100 348
139 341
132 344
600 90
592 103
136 330
600 77
623 99
620 96
130 351
125 342
602 103
139 327
129 332
116 336
587 86
599 106
114 362
608 114
105 339
119 356
602 108
124 345
619 74
136 337
587 100
118 321
