299 592
304 586
704 43
15 -11
-488 458
296 574
298 612
8 7
-12 2
19 17
-497 454
316 586
705 70
-4 16
302 588
-513 455
1 7
676 54
-2 28
692 56
718 49
17 2
-498 429
691 28
290 622
316 600
-354 487
316 617
273 605
290 585
2 -28
-507 457
9 -12
-518 450
704 46
274 603
14 16
21 -12
312 605
683 40
289 619
281 596
317 580
294 625
2 24
-488 449
307 601
721 37
681 40
312 584
684 57
691 66
293 593
7 -3
-502 463
675 43
-497 463
684 49
324 603
-478 455
285 610
708 71
-1 12
-1 15
288 618
6 -4
278 597
-1 -4
-487 459
294 604
306 622
277 597
17 -7
327 595
9 -9
699 53
715 38
0 21
-21 -5
-522 441
710 44
274 607
696 71
-496 445
-490 446
292 597
-7 5
4 16
-481 447
8 -21
-12 24
716 43
687 54
286 614
-10 -17
-496 448
-506 444
-513 443
314 607
296 577
24 4
688 30
22 -18
1 24
288 593
5 -4
286 621
279 610
705 52
298 585
-499 430
295 606
-505 461
-486 450
-504 438
-15 -1
293 624
283 607
711 67
291 578
703 72
-22 -11
275 589
-505 464
698 35
300 580
-21 -6
-20 2
-502 467
-497 466
701 55
683 38
-10 -2
698 59
16 -20
326 606
-18 19
687 47
-505 444
-492 440
-512 463
604 371
310 602
966 -48
-509 453
314 593
701 75
322 600
16 -19
12 -5
-1 16
-18 -9
-477 451
29 -1
6 0
286 594
23 10
288 594
682 64
301 606
-484 463
215 879
713 58
693 28
689 36
-505 451
715 70
695 39
692 50
-498 445
725 50
693 57
288 614
704 35
689 59
691 43
303 615
295 610
1 28
-7 19
15 16
-520 461
-503 454
291 607
27 -2
718 42
-14 21
-479 440
-17 -16
294 586
-497 457
4 2
715 61
287 579
21 7
704 55
702 74
703 33
312 625
9 -21
-21 6
11 -2
688 57
-506 469
-19 -13
13 -8
-520 437
304 626
5 -13
-487 454
-15 -19
-20 -13
-1 9
-501 453
683 50
300 577
-19 4
-8 -23
-8 14
296 581
299 599
160 172
11 20
293 580
-518 452
279 605
310 585
18 -24
703 46
-505 463
289 614
-24 -10
290 626
309 604
-478 456
695 26
284 606
11 11
702 54
-487 460
14 -21
684 52
295 600
17 -6
28 -5
720 51
-498 461
5 4
290 620
720 54
298 584
304 584
-498 442
-9 1
-486 452
8 10
705 69
-486 448
-513 439
695 37
-481 459
-510 438
25 -5
295 591
300 576
13 -20
298 620
683 48
-490 455
315 612
-513 448
-16 23
15 4
-21 -17
688 38
-20 -21
299 622
-15 17
16 16
-15 -15
-3 3
6 -25
299 613
710 72
-516 452
288 575
678 54
313 618
12 -16
320 619
304 592
8 15
-503 448
707 58
-8 21
694 42
713 43
-5 26
714 67
9 -11
-493 454
9 14
-507 431
287 583
4 24
712 33
285 596
294 627
-17 -5
684 33
681 57
-501 458
688 59
287 604
15 1
309 575
304 614
687 62
719 60
317 622
21 -6
-501 438
-516 439
291 605
710 39
-516 461
-509 450
-13 -18
292 579
16 -8
0 -12
-504 435
296 597
698 44
305 585
715 62
294 581
306 623
-16 -3
0 -25
5 -28
26 -4
-506 455
694 63
-14 -18
302 612
289 585
20 -10
7 10
-19 9
5 -19
-503 465
-485 446
711 39
-4 6
310 610
4 27
708 59
720 66
315 581
-497 465
-495 459
296 578
13 15
706 36
302 583
11 17
310 624
304 604
-9 -14
708 39
300 605
707 37
18 -17
-491 442
3 -7
-486 441
6 -21
-23 -19
-1 -15
-18 7
690 58
299 601
-13 18
0 -27
716 49
305 599
-502 434
280 614
287 608
-514 437
-517 450
292 599
299 617
-487 435
-486 457
309 615
-488 468
899 47
301 617
318 598
-6 12
-493 471
689 60
690 27
22 -4
305 610
299 585
707 48
-496 429
10 -18
309 626
279 604
679 57
-17 16
693 32
-12 18
-500 451
684 51
681 61
305 597
275 608
292 578
286 595
-504 466
282 611
282 621
320 584
-3 -12
8 17
368 912
-3 23
-495 447
7 24
-483 436
15 25
18 2
-14 20
288 611
-27 1
26 10
-16 22
8 -4
27 5
3 -27
712 27
688 41
721 62
-518 451
315 609
-495 449
21 -11
699 39
-506 448
-480 449
299 602
296 620
24 15
709 60
-514 464
294 580
309 586
696 36
723 46
701 46
-519 455
681 36
-508 458
701 28
-5 20
-496 427
305 604
-10 28
-484 452
716 50
-514 450
705 37
10 -19
-15 7
691 61
285 595
717 42
310 584
290 600
12 4
-15 -9
280 606
282 602
323 601
326 604
299 594
16 10
-23 8
706 71
699 37
312 612
31 462
303 582
-516 466
6 3
700 35
710 28
685 29
273 600
-25 -7
2 25
4 9
704 45
300 617
15 20
296 619
-488 470
283 618
306 575
296 598
8 1
704 42
715 39
-6 27
-20 -11
282 583
723 38
714 58
691 26
-522 445
702 52
323 592
709 44
-504 427
294 583
677 42
293 623
-4 20
708 60
-496 460
678 40
-10 -12
-22 -17
690 61
-522 448
309 607
2 8
-25 13
-1 21
14 -2
283 590
11 -27
-488 466
14 -24
720 53
683 44
-488 450
699 36
307 577
-23 18
3 28
314 602
-9 13
-521 460
314 614
-487 447
458 -262
-515 464
279 599
-485 461
298 601
715 35
298 623
725 51
299 627
313 576
723 40
-16 -10
716 31
280 593
279 586
12 11
18 -11
12 -18
-501 432
305 608
9 5
-491 456
304 606
700 53
-487 446
292 583
720 60
-514 462
-5 8
316 583
-479 445
7 -21
702 61
-503 430
21 -5
710 53
281 607
2 22
-15 18
288 605
304 577
9 4
-14 1
304 620
276 603
296 600
-512 434
724 45
-479 456
11 -21
301 607
278 594
719 50
-10 11
-483 446
-495 460
27 -8
683 56
9 -3
-10 8
-478 457
-5 29
686 44
290 605
314 588
-520 451
-515 467
695 67
302 579
707 70
16 -16
-8 0
709 47
26 11
694 50
303 577
-500 433
322 594
12 27
-4 -2
-485 460
280 601
2 1
305 589
-509 437
307 614
6 18
-85 742
16 9
720 50
291 576
10 -14
-494 466
-4 -6
692 61
680 65
21 3
684 55
-360 677
279 596
287 601
680 39
704 27
-499 462
713 72
9 -6
7 25
-28 -9
682 44
-496 453
-11 -10
319 583
-507 462
-490 432
691 36
-490 464
718 35
282 613
-479 446
-14 -6
685 37
992 995
-496 441
0 -22
318 601
-497 456
714 32
-20 -10
694 28
-505 456
295 575
-13 26
23 12
697 60
305 582
317 610
293 627
300 584
18 -6
294 597
-2 15
298 619
295 587
24 10
719 36
-514 467
326 593
-708 341
10 -15
318 614
693 31
-519 459
7 -23
-14 -15
702 35
4 12
-494 450
-13 8
15 -6
-2 -18
306 578
-5 -28
278 593
701 35
277 615
-24 -18
-502 459
283 610
-495 473
308 604
-5 23
-494 440
322 585
705 45
691 70
-520 462
676 58
-485 456
690 64
-480 453
296 573
-488 453
7 6
294 614
24 -7
24 7
304 587
-517 444
-20 7
309 581
-14 -13
690 73
691 65
-478 459
0 -15
310 587
705 61
317 608
311 584
15 5
12 -11
-492 430
-487 451
295 590
273 598
26 -6
1 -8
305 600
326 594
-2 22
7 0
691 58
297 622
-491 438
711 30
689 41
-21 -12
697 25
-513 445
683 31
-505 434
-478 448
688 34
684 36
311 624
303 627
707 68
-500 428
298 617
26 6
-9 26
675 51
5 3
-12 -27
2 -21
290 596
-9 -21
307 616
700 29
18 -2
-499 446
-10 -13
690 74
293 625
688 72
321 592
-18 22
-522 442
325 608
22 -8
297 582
675 57
707 54
9 -22
-511 443
689 73
9 -16
-499 448
-504 453
-11 -6
310 604
23 -7
-493 444
-2 -27
310 575
-21 -15
690 30
289 595
-506 449
7 -17
315 599
-515 455
-492 456
-481 463
283 609
688 62
-510 471
722 62
7 2
-10 6
-14 -25
-12 -11
715 29
677 53
709 35
304 580
5 5
-19 -21
-521 439
27 -11
7 -8
327 599
-521 461
302 620
300 608
-487 440
-7 -2
688 42
721 61
-509 443
281 609
677 43
-486 443
284 583
698 63
-16 -16
711 56
14 -12
-403 525
699 47
703 56
680 49
-21 10
-19 15
-501 468
-21 -20
717 50
704 51
18 -23
-14 14
-503 450
-497 468
-27 -3
-488 436
714 61
-12 6
5 -20
-492 437
-489 458
291 588
687 45
4 -1
-22 -20
-8 26
18 -20
294 613
711 41
710 56
-6 -28
-510 466
25 -12
708 40
692 45
301 596
3 -14
-7 -5
318 587
678 46
-3 -18
22 18
276 590
316 582
309 602
-514 440
310 588
300 622
-2 25
299 606
-492 459
-492 470
-12 14
296 624
21 6
313 611
-27 0
-522 446
300 596
-487 439
-23 -10
717 33
281 588
277 602
16 23
-485 453
699 35
-492 439
-489 434
-501 431
284 608
307 597
3 10
-6 9
24 8
306 574
-10 -7
8 5
298 610
293 576
-7 15
302 595
288 625
-12 -14
-23 9
693 49
-499 461
310 618
693 58
696 74
-501 461
323 603
-23 4
716 57
-496 428
277 604
705 58
693 47
-478 443
-498 449
-490 462
20 -14
-481 448
321 602
1 -14
-5 6
290 587
-480 463
1082 290
-504 455
15 -17
681 39
724 57
-504 473
691 41
723 58
-520 458
13 -2
310 596
285 599
710 37
-515 461
297 595
-490 452
-499 465
18 1
-516 456
-495 435
680 53
686 63
309 584
698 38
292 589
293 584
319 596
-508 446
-29 -4
317 603
286 587
-513 466
-22 -10
316 602
310 574
-17 23
23 6
17 -16
2 -7
8 26
-492 453
295 579
321 616
0 0
5 -25
713 56
300 585
-507 460
12 26
277 603
-15 -8
722 38
715 30
309 618
-487 467
295 611
-18 -22
0 30
-503 464
12 23
305 615
706 39
1 12
683 53
-17 -22
4 -26
293 619
-481 457
310 594
-500 469
314 604
-503 443
8 -28
-514 432
549 -195
-507 446
-12 11
281 615
318 604
310 621
289 610
719 49
321 593
-496 454
20 2
-12 -7
19 -14
-1 20
-19 14
-8 13
13 -19
-515 439
703 62
-495 467
715 69
677 40
703 57
-496 468
-514 454
325 604
324 604
273 596
-29 4
-9 16
18 -9
-11 21
322 587
706 49
14 6
-505 465
-510 469
26 0
-514 444
-24 -12
694 48
691 34
325 600
707 42
-148 388
298 609
6 -10
-15 19
-16 2
725 48
13 25
305 606
704 30
-477 445
276 593
292 617
720 55
3 24
-52 376
718 48
277 611
679 54
720 58
-561 125
679 45
24 -4
296 575
710 68
692 65
700 27
26 -3
303 575
-521 459
714 52
678 61
16 24
682 52
297 589
1 -2
16 11
717 40
708 28
695 56
-492 464
27 6
693 35
-503 433
678 43
25 8
-22 -12
684 60
16 -14
298 602
677 44
-13 16
304 617
-9 -10
700 49
-24 -3
682 58
-11 -21
325 603
719 43
-478 441
696 58
20 11
-16 20
317 584
-485 447
1 29
-484 435
325 590
21 9
10 18
280 585
284 586
706 46
2 23
-505 473
-860 853
689 42
-500 426
-483 453
297 608
-287 118
285 590
-502 464
707 55
278 590
18 -18
-502 468
286 607
279 591
293 626
697 38
-3 -27
-490 438
2 -1
20 9
675 53
280 589
-5 1
283 598
703 25
315 579
-517 466
21 -19
714 45
23 3
302 576
-8 17
710 67
-11 1
-6 15
311 612
300 619
289 612
-387 130
296 606
322 591
18 21
288 600
708 48
322 588
11 21
-495 455
14 3
320 586
-19 -11
-510 458
-501 452
320 603
715 59
305 590
705 44
287 605
-7 -21
8 0
-507 442
-499 439
707 32
15 17
290 591
17 -18
-478 454
7 22
-22 8
-5 28
284 587
-11 12
-481 442
311 586
-516 454
20 1
691 55
283 605
-15 2
-518 460
325 593
-499 466
323 614
-512 433
-15 20
304 601
675 52
705 49
287 615
317 613
-548 801
696 44
698 58
315 600
297 603
299 624
-10 16
312 587
22 9
712 32
5 -22
-478 453
306 619
681 52
-10 4
-24 4
682 46
-488 452
-26 -9
302 604
695 55
10 -22
-489 438
28 -3
289 592
-489 466
297 615
-493 439
316 594
-506 432
17 19
319 590
297 616
-15 -5
314 598
687 50
686 61
-19 -18
316 604
12 9
-489 433
707 44
23 9
-512 461
-503 469
691 57
-8 -27
297 621
-491 429
-24 2
296 623
10 27
-3 -2
2 -16
312 621
-519 457
696 49
14 -10
-28 -4
-4 14
682 66
-508 436
314 613
709 36
22 -1
706 58
296 609
683 47
-488 446
306 603
688 54
309 601
23 -14
-516 462
-6 -20
4 21
718 58
310 605
-10 18
708 27
722 57
704 64
714 42
-510 465
17 -11
294 585
-515 433
-495 472
714 29
-498 432
-498 438
312 601
278 600
-11 -26
-22 -6
325 588
-28 4
695 64
706 31
695 46
297 579
720 36
283 612
303 611
9 11
-511 460
714 33
296 611
-1 -24
-488 441
-502 455
299 588
301 590
679 52
25 14
-11 -19
4 -7
-511 446
5 -16
717 58
310 598
283 606
712 50
-10 24
714 47
19 15
21 15
11 25
-199 111
319 586
-20 17
-514 434
312 596
297 626
688 44
703 32
3 -3
-11 22
692 41
296 589
701 57
-24 -4
324 608
11 4
688 53
315 598
710 52
686 29
694 58
-488 434
237 987
-14 12
-17 7
691 48
696 66
292 623
-12 19
-504 428
-23 7
-498 452
-506 427
-18 4
-7 -24
280 586
5 -26
9 -20
-502 442
-5 -29
-15 15
-12 4
317 588
-26 3
-27 -12
707 45
-506 466
-4 -4
703 49
8 21
706 26
-484 447
1 -23
317 597
710 65
-491 434
724 48
698 53
679 43
-18 13
683 39
306 613
277 605
301 587
-499 464
11 -1
1 -13
16 -7
-495 468
690 44
695 75
703 45
-494 452
679 35
693 73
-500 473
5 18
4 -21
319 594
302 616
721 42
6 -5
707 25
308 599
-510 455
711 60
306 624
-484 466
