184 -368
518 382
-395 178
507 416
486 414
201 -359
491 397
214 -345
192 -347
492 374
518 415
-425 161
-423 140
-420 169
194 -365
497 379
484 405
-377 161
482 411
-400 156
184 -331
-394 159
486 384
484 407
-404 154
475 403
496 375
512 417
197 -336
500 411
-397 153
197 -344
-416 172
-399 137
515 403
500 419
211 -346
512 377
-410 127
491 378
493 388
220 -346
-417 162
-419 164
-395 168
505 413
525 393
519 417
-387 166
-391 171
-417 156
-427 137
-424 161
206 -362
495 399
-417 174
-423 135
-385 126
-406 130
-411 138
-410 177
515 380
-400 125
-373 150
-416 166
474 390
-399 173
-385 148
-399 129
-398 130
495 392
508 374
510 416
516 406
502 423
520 396
-383 167
-401 163
514 379
183 -335
220 -344
-399 161
-425 136
189 -338
-410 162
-410 136
-410 139
515 390
-393 177
-383 144
525 403
216 -348
-376 152
490 414
-396 143
-409 143
-408 145
216 -346
178 -351
501 405
177 -349
479 388
214 -334
200 -370
-401 126
487 390
209 -334
-380 149
208 -334
-401 151
209 -351
213 -361
188 -354
-385 164
475 411
-399 123
-403 159
222 -359
183 -360
199 -357
507 394
208 -336
200 -365
208 -345
193 -338
188 -362
217 -367
178 -357
-411 161
520 394
206 -326
503 377
210 -339
494 422
-393 176
-382 154
492 396
520 407
-417 153
215 -343
510 425
176 -353
486 399
-379 151
-414 151
176 -350
-394 152
493 390
-413 127
-393 178
-422 147
-378 163
508 377
188 -359
-394 169
194 -327
-379 141
194 -342
194 -354
-374 164
-379 161
-429 153
-395 177
488 392
-394 126
-378 162
-407 147
198 -329
-424 162
192 -352
-417 131
496 411
209 -365
211 -336
498 378
190 -354
-407 140
496 419
181 -339
-394 128
-415 171
501 397
214 -342
-422 137
479 406
218 -366
513 416
198 -341
210 -371
190 -344
-395 138
-384 133
523 403
-396 125
508 423
-412 152
-406 174
-420 165
-401 156
-375 162
506 400
491 391
194 -326
-372 142
-380 136
206 -342
520 402
478 403
-379 150
-407 149
-402 138
-423 151
-381 165
-400 159
518 392
484 384
519 415
195 -366
221 -342
192 -353
-420 140
219 -340
-405 122
223 -348
179 -363
178 -350
-390 132
-410 157
-404 171
-407 161
195 -351
177 -352
-380 171
-400 169
-420 146
522 404
475 406
-394 133
497 402
492 416
487 422
498 381
-393 151
199 -341
495 422
212 -337
491 400
201 -350
204 -327
-408 125
-409 164
-409 174
-419 162
513 417
501 423
-416 135
193 -331
505 378
503 406
205 -369
177 -356
-418 144
-409 127
485 397
-407 179
-399 169
-426 161
-416 152
-375 154
198 -349
-379 137
-425 145
-404 179
507 389
203 -369
184 -350
-382 147
518 381
212 -345
499 397
-414 132
-390 144
477 396
517 406
487 398
182 -338
-425 157
-379 165
-395 148
218 -350
-413 176
-385 168
490 410
-423 157
-397 161
182 -353
-396 165
211 -333
-385 143
515 422
-422 168
192 -337
-384 140
512 422
-411 145
220 -352
484 387
496 417
-381 171
513 396
-412 173
479 398
-387 176
-383 152
200 -374
182 -363
-392 164
505 393
-386 134
194 -363
495 378
480 416
214 -352
514 383
222 -342
-401 124
215 -337
209 -356
-399 132
186 -337
482 421
-384 148
-394 172
-415 164
-386 159
486 387
219 -338
-401 169
-406 146
-418 166
182 -356
212 -357
505 403
-421 151
478 385
478 384
520 410
188 -365
524 391
-411 174
-403 137
197 -348
206 -364
491 375
191 -348
201 -353
504 423
-400 134
203 -350
-398 154
-374 160
210 -336
195 -335
-383 129
-394 146
224 -343
513 413
504 413
206 -356
-378 135
184 -345
507 399
220 -363
-377 133
-408 172
484 380
495 413
-374 144
484 378
-428 143
510 403
493 380
-412 175
483 382
207 -330
484 411
-391 157
503 412
-390 176
485 394
506 394
-407 144
521 415
-426 140
192 -345
-395 156
202 -371
192 -373
502 393
-403 152
480 390
218 -363
221 -361
525 395
473 401
-408 154
-424 166
209 -364
524 400
195 -358
207 -343
179 -345
223 -358
509 401
504 392
488 398
-392 147
-406 135
493 374
494 406
207 -339
-390 150
220 -355
506 411
-405 170
496 422
-377 139
-419 132
498 385
-407 172
214 -362
511 400
-410 149
519 400
493 373
504 375
-415 151
213 -348
503 421
215 -359
476 402
-422 139
477 406
502 373
186 -344
217 -335
496 418
-391 159
496 387
-419 148
490 413
478 400
-418 151
-405 148
-402 163
210 -335
505 418
-420 135
186 -364
210 -356
485 379
524 392
202 -362
-419 133
480 404
483 416
514 385
511 381
-409 147
-428 150
484 412
519 401
488 381
514 414
-385 154
205 -374
-402 165
-406 124
-408 143
-400 173
-411 125
508 394
489 420
491 396
-415 127
199 -369
-394 135
-408 130
477 393
209 -335
-401 137
-384 160
-404 143
486 408
-399 162
503 413
203 -361
-418 146
-397 165
-390 140
-416 151
487 424
-410 124
-375 155
477 388
496 420
486 390
-382 167
209 -342
498 390
514 382
-389 174
187 -350
504 400
-402 151
-419 173
183 -336
199 -367
-411 163
217 -336
-399 128
-395 141
488 402
518 420
521 388
210 -359
498 389
201 -371
-379 132
184 -347
497 398
189 -365
522 413
-404 135
496 399
-412 167
180 -350
484 422
481 410
188 -363
179 -349
-380 165
-374 146
-378 131
512 400
-398 169
-401 142
-382 135
-403 131
-406 173
-402 156
206 -374
480 408
207 -326
524 399
203 -338
-393 156
521 385
-427 149
479 397
494 416
-394 140
-386 174
-413 163
489 378
207 -354
-378 148
-417 165
-410 135
-409 141
-408 155
485 390
209 -343
-427 144
517 379
-408 175
-393 134
495 425
-413 133
224 -346
510 412
521 395
206 -370
209 -362
222 -343
489 407
-400 161
-392 123
516 409
216 -354
-396 135
223 -349
-407 169
-399 134
-402 170
-385 156
-392 140
-415 167
-422 164
-405 169
481 396
199 -338
505 402
199 -332
497 409
198 -373
508 401
-413 173
-382 156
527 402
-392 161
510 375
485 412
191 -331
-416 162
489 381
495 393
-424 134
-381 160
207 -335
508 381
483 397
-410 146
507 400
201 -367
504 426
216 -332
187 -336
-373 144
211 -337
196 -374
-393 164
185 -349
476 389
499 412
502 383
-417 137
-392 168
-405 157
475 392
-386 132
520 388
-392 134
496 389
494 398
197 -368
516 402
-417 141
507 408
-383 130
222 -348
481 404
487 415
-408 152
196 -368
184 -348
212 -341
188 -369
-398 172
499 423
-420 131
-385 151
-389 166
-425 141
219 -365
-396 133
-389 148
215 -347
516 407
-423 137
495 404
510 410
214 -350
498 408
219 -366
201 -357
-411 133
-413 158
199 -350
508 417
488 401
507 380
197 -352
-400 163
509 399
511 423
-394 154
-397 176
487 384
187 -345
479 400
206 -333
206 -340
511 410
-390 145
-414 142
212 -362
-399 172
-379 147
-402 152
187 -360
-403 128
214 -355
-401 154
498 405
-417 132
-414 171
-416 168
195 -368
519 380
199 -348
197 -326
488 404
-413 131
-389 152
-415 162
496 374
484 397
-425 162
485 392
-411 144
196 -370
509 408
215 -330
-375 148
193 -326
-400 170
495 426
-411 153
-398 155
-393 155
522 393
476 410
517 386
-379 158
500 379
184 -351
198 -330
178 -344
186 -345
182 -360
189 -347
503 415
198 -359
511 383
-389 138
495 389
204 -371
-418 132
199 -339
-386 156
-389 123
-382 146
-417 168
-391 150
178 -359
509 412
499 410
493 399
-420 158
510 394
485 405
-393 149
199 -326
221 -353
-427 155
-397 167
220 -360
-412 130
190 -368
-376 145
203 -365
184 -367
210 -364
200 -348
-424 144
482 393
521 406
200 -326
-403 140
205 -341
485 423
177 -358
214 -348
-386 151
-381 132
-391 169
202 -360
-411 152
518 414
510 419
194 -362
-379 167
-403 143
488 383
521 394
181 -345
-390 130
500 425
487 388
-406 137
180 -353
213 -337
-384 152
-375 163
497 406
-401 127
-377 134
197 -363
-420 161
182 -341
-396 132
485 415
198 -327
486 383
-419 136
-417 130
507 374
506 412
-379 139
190 -365
208 -358
-379 149
-389 142
497 403
-375 144
-394 167
500 375
-418 127
208 -333
-401 160
507 404
483 396
516 417
204 -331
191 -337
509 410
-406 141
503 403
205 -338
-392 136
-416 156
-426 142
480 382
179 -350
510 386
500 393
-413 136
-389 176
521 416
508 399
-391 162
-415 137
482 379
186 -366
498 402
208 -348
-398 156
188 -349
-415 163
489 416
525 388
497 405
520 415
-386 160
519 388
188 -358
513 418
-392 129
-411 171
-383 153
-396 144
501 411
222 -350
-423 132
-400 171
526 393
-386 144
505 392
527 397
493 384
-384 132
486 411
485 419
-376 148
476 397
489 403
194 -369
-383 163
182 -344
-411 132
-374 138
494 397
525 405
176 -352
-394 141
512 384
-426 138
-387 135
504 394
484 379
-390 149
480 406
518 416
-393 123
185 -338
518 413
-401 143
-407 159
-401 138
-393 130
-402 125
-401 159
485 396
493 409
502 379
-392 153
485 383
523 402
193 -336
484 416
512 416
486 418
523 413
481 386
505 398
-406 123
-399 166
-422 161
-391 165
-398 158
202 -334
206 -343
491 387
-408 127
-387 172
-406 169
-386 168
520 382
-396 128
508 388
196 -366
497 410
489 380
496 376
-403 139
-418 169
483 414
191 -360
206 -341
522 415
519 403
-415 153
-403 146
517 405
-397 128
-405 131
-396 123
491 410
505 422
473 402
499 383
-379 162
477 405
515 391
501 385
475 388
-385 173
206 -329
476 388
196 -331
496 383
220 -337
-378 141
-404 155
223 -353
-404 158
205 -364
-422 152
-377 159
481 389
505 426
184 -362
476 403
-423 161
500 385
182 -348
498 424
-392 160
220 -342
-404 131
494 417
-377 154
522 395
-387 136
-414 126
474 398
521 403
507 376
479 417
-413 126
183 -337
-384 166
-403 178
-410 133
483 413
-417 169
215 -367
216 -362
-413 155
484 420
208 -366
512 379
-393 137
491 380
-402 132
194 -358
511 419
180 -339
-418 158
-416 132
491 389
525 411
203 -351
199 -355
497 382
-408 169
-379 168
218 -335
518 396
